"V1","V2","V3"
0.93751570916019,1.05349312649765,1.00204777031499
1.06915637089457,0.915827214401802,1.00491124859053
1.02207264309846,0.978631593631197,1.00906008218656
0.987609465670205,1.01463925333569,0.995142620766151
0.97825532116018,1.02768002037289,1.00170962811728
1.02076697415846,0.974029736782421,1.00369496950402
1.06827207005765,0.938477001844061,0.999683473649372
1.097338037633,0.905084531290225,0.998890972187313
0.949742008228663,1.04242009252095,0.99947350404181
0.999135851222457,0.996220539246448,1.00697625981632
1.00930001821444,0.986584863717239,1.0141144990885
1.00169314597397,0.987102289417241,0.989115452425548
0.888997761945773,1.11627765347243,1.00079954092526
0.955930345064384,1.05937714660566,0.995774173317615
1.02375109037296,1.00400059816013,1.00987623393554
1.04069629990152,0.971741469177713,1.00189444917731
1.0511779564715,0.94331079114309,0.99445912460993
0.934077011868029,1.05801057416331,0.993710859010134
0.949858366142106,1.02569043426292,0.993537096915059
1.00002820760115,1.00955488283896,1.00133888086178
0.923200716497624,1.06509918409729,1.00664499427503
1.02332447772843,0.955810157881611,0.990399235305691
1.0233405695793,0.964325675457132,0.992052917803816
0.949367423884418,1.05837745970008,0.994779299641061
1.0468058617844,0.957332113925568,1.01295709069487
1.01865273692369,0.999066030046835,0.987233480953735
1.04560671565797,0.942090387346903,0.993664092310605
1.03398271544319,0.958748617915668,0.983741865823496
0.949660738543647,1.03895868263334,0.999696929429627
0.95940189408257,1.0340945738111,1.01645938422375
1.01252402545819,0.96108244133902,0.996442133886735
0.938032528603623,1.04464601041604,0.990209841609587
0.956147116635532,1.04313914860737,0.990876296414853
0.968269577963009,1.03701864652666,0.98762517563382
1.01656919559535,0.988582866844175,1.00091044100137
0.976101473936494,1.0049594853521,0.995177665763933
1.01868987631642,1.00649698740337,0.99560856987033
1.03962972791868,0.960088131967121,1.00039223548241
1.00731881212764,0.978716265950503,1.00091109380349
0.953666796462992,1.03407463470834,1.00148457049326
0.925255432168252,1.0796493657202,1.0117724274112
1.03906965044479,0.995670608108311,0.985391170496229
0.953410122503904,1.04839404545833,0.982647166175124
1.13103481867542,0.871860780078426,0.997106951282991
1.0788519496777,0.923660566286816,1.00585689859438
0.898863692012139,1.0972728249481,0.997218024472322
0.974813715473762,1.01874257847305,0.987847600831829
1.07107777719848,0.936396588188892,1.00941418863617
1.00960671385965,0.99314927570293,1.01522567417075
1.04682683140798,0.941860531163607,1.00114581337183
1.04373371682425,0.946996197105226,1.00069858169943
0.95266757014507,1.04187448135119,0.997034388122793
0.985314353862961,1.01184483819814,0.989251418774639
1.06230531943336,0.928208906173525,0.992023505619446
1.04269361391322,0.986036631895693,1.00939916451298
0.973907146419498,1.01098939149299,0.992210014228925
0.987674936655587,1.00185332771833,0.999431383417904
0.976440666944199,1.02436166983476,0.997600638255419
1.05127455142858,0.960245909113938,0.98743923727621
1.04311626416454,0.953412570612209,1.02221936492038
1.01661050668092,0.98313770820455,0.989371183213018
0.944575264121111,1.04057837441305,1.00588056829637
1.00054133519763,0.992796889244663,1.01410372356897
1.00828214440744,0.981724165720374,1.00161985680974
1.01330617690883,0.979407868082036,0.98604234365411
1.06721240640448,0.941974740865905,1.00835129102159
0.948064538200726,1.05091626365061,1.0058674540653
0.942097355990922,1.05339156829512,0.988609940361513
0.972333036457781,1.0081700232041,0.99510084074461
1.00877326297281,0.981018295782926,1.00541659226653
1.02885902576689,0.950778673523911,0.994121562277379
1.04604112893503,0.959041046217598,0.997108176339784
1.04404429899709,0.965426136959561,0.995100693778482
0.964161354725695,1.00144630155897,0.999726546213327
0.984420032305284,1.02290011189157,0.988931161920218
1.07094086899462,0.932874232968241,1.01036877262964
1.07042705290753,0.930436777211904,1.01538179461714
0.90868505228086,1.10088600827427,0.991569071029518
0.969060435075391,1.03168597727654,0.98231097259854
0.995454997109227,1.01483040855865,0.99303274413726
1.02614982053057,0.986675926385311,0.99698498198517
1.11432599130912,0.895558556141233,1.00224203177081
0.948930973865271,1.04265881996969,1.00716167781069
0.988440371963544,1.00647461601617,1.02116641299771
1.03823089818256,0.976035363117363,1.01496396820551
1.0326541742161,0.962459049949967,1.0002755557958
0.989239349478987,1.02536974301279,1.00844936609794
1.12322261562731,0.879017751041718,0.998027661601034
0.978973024478547,1.02625387184653,0.991172220900968
1.03327833337687,0.983589358200385,0.99707128199486
0.923972617923598,1.05760269687109,1.00298296209802
1.0289084596957,0.968655149465507,1.00021164633677
1.05302509402506,0.941111815466591,0.979423150354744
1.04551921974534,0.962519174040489,0.986551816110623
0.925056150134223,1.06737091480489,1.0053962472184
1.05711794585047,0.961800392188258,0.99402382801484
0.95890289384368,1.0436964041448,1.00935273628763
0.98826002377411,1.00868098865784,0.988291548460636
0.97476253897183,1.01745620026272,1.00800080753385
0.95529362578136,1.03069395957426,0.975261138638586
1.01824740444375,0.975584816212914,0.986452157461216
1.01234286513446,1.00071850300632,1.00549386859858
0.982354095309232,1.01996619498241,1.01701211903193
1.0475797670298,0.958441451816589,1.00395010317062
0.936546772153762,1.06499389579495,0.998187809567776
0.996264407786967,1.00666785839609,0.999972306575223
1.00983924738055,0.98353737402991,1.01025936584827
1.00293677470307,1.00251577686234,1.00266845653406
0.931352323358695,1.05711574785303,1.0119824440897
1.00623681485721,1.00664701731449,1.00881322861623
1.06279887346876,0.915303803909246,1.00409006774938
1.01415552358942,0.957670188280397,0.990190170039173
1.00569761261128,1.02065645347601,1.0054991850364
1.01480868559208,1.00379586060253,0.980717326281392
1.08129614765088,0.932375488237282,0.999853103621402
0.89655849183535,1.09991019566006,1.0072427542593
0.975536380307709,1.02463893729306,1.00865102538738
1.0887643917237,0.89705213813354,1.00541432890965
1.03704089159876,0.970468073682106,0.994282646072323
1.00269579318773,0.9973807124868,1.00264564930301
1.00601272363586,1.00247832057303,0.998451413125666
1.01818166155759,0.978898444593574,0.995764060663
1.02980323680127,1.01237572520668,0.993525205471997
0.923173769491531,1.05071108045961,1.01733701918031
0.993987083855699,1.02150345116497,1.00158680369905
1.0299461326824,0.976991540466618,1.01519811553393
1.02269982145409,0.963800861707092,0.996511240750649
0.969783322306447,1.00074624058923,0.991766443153082
0.992870915191772,0.998237252791561,0.993652697228104
1.06665114639311,0.965146135636329,0.997716985335017
1.03002479819599,0.980017410319661,1.01846638258285
1.09658160945696,0.902547537686731,0.996051932856185
1.04978717211065,0.948666302020503,1.01702755643033
1.02027929137899,0.979000393014588,0.994806339673407
1.03402959129658,0.977527339775324,1.00082863194087
1.03406036866715,0.97637784354107,0.985801336429147
0.998767518981148,1.0141436422147,0.983941916322475
1.04427355152084,0.95698281847038,1.00824674930009
0.910419518424205,1.09578208169142,1.00715698491746
0.969814201795518,1.00678191473341,0.991168666477797
1.04662779930067,0.953353352649265,1.00121916079518
0.889691526952549,1.11342106542619,0.999455070022193
1.06317743492159,0.928136177435668,1.008105946004
1.09872316424403,0.904149902926014,1.01572560396451
0.973519388158848,1.00131171943467,0.998621379933464
1.11598073239159,0.895411650025956,0.998148382262101
1.01316121200374,0.982055332655008,1.00115227670786
1.00275893405947,1.00178374889614,1.00140063472125
0.97394410926903,1.0136832979091,0.994897036234745
1.10449962522568,0.879974356734781,0.999415811596055
1.04941377552429,0.93272638262379,1.00660128935013
0.948825736250769,1.06408020338537,1.01556695613841
1.00606112853796,0.982050671751677,1.0049368120574
1.04844179660129,0.942163823653558,1.00315863464509
1.07845483573871,0.94129134491319,1.00812558567946
1.07024901089856,0.919699584863308,1.00982031750022
0.988061072283865,1.05224228423456,1.00724080601078
1.03755751219256,0.983147592913995,1.01207817445824
0.885769100597536,1.11632197040037,0.998549911888596
1.08747590093295,0.907872004571831,0.990281084002599
1.02847117929277,0.947523486970635,0.98279365013567
0.990818451209281,1.00900600117144,0.993991973102391
0.935665569054538,1.05879930874493,1.0124047838659
1.05008368509088,0.96107256853383,0.995633626672604
0.961368387722009,1.0220411005872,0.999672081493664
0.890307876760079,1.12745236013957,0.989961039516541
0.877267919180278,1.11500605752119,1.00450807332781
0.953649485976018,1.04126125906772,1.00913846192982
0.987186420168615,1.0053543386982,1.01784824291597
0.923476532423173,1.08727610866623,0.997509578383568
1.04529928280818,0.980795865042252,1.00468835552666
1.02110112886488,0.992780058713795,1.00165889620128
1.00712499560863,0.977067841685618,1.00645357044064
1.00623519378561,0.982378802880347,1.03021294556937
0.986920183572589,1.0155359405263,0.988665887677083
1.02529701891257,0.961188100546682,1.00546012027875
1.05336251665395,0.922794697363229,0.982556110236717
1.03594703358657,0.954850924852982,1.00872910018138
0.88815605739105,1.10661881161383,1.00213194348676
1.00013810123387,1.01944306552486,1.0055725843034
1.00577939637419,0.984452322087406,0.998043001263692
0.967685863129924,1.03014009713716,0.994203001307895
1.01567687035839,0.969145883873756,0.999082269052279
0.983071205289852,1.00968265697157,1.00163146296866
0.927642618176413,1.05988561601784,0.993419980826017
0.944780751392879,1.06039189636066,1.0120573390518
1.01000563360363,0.97520624360177,0.981123313383683
1.14640017667549,0.876367306949994,0.992913910836526
1.02953090831685,0.945077160109879,0.988706540299057
0.96059716888141,1.02957980685223,0.999868036148905
1.05015501636417,0.948724614135096,1.00093508662151
1.00258658667029,0.992146192068442,1.00196253224387
0.957594471770476,1.03078522870882,0.999824140880422
1.08729447680409,0.938362883461568,1.00838325085013
0.998398392152567,0.990302979289821,1.00675742629932
0.975730777419347,1.01958614187373,0.987861268205058
0.976821516961537,1.02819489644061,0.994150456069929
0.957575909516284,1.04568957369039,1.0046973391342
0.958537113805497,1.07490218370951,1.00153117148239
0.954696751680103,1.06076810529647,1.00460775587152
1.02396548532532,0.997334260489521,0.978123191854897
0.860112628391427,1.14634497203537,0.993540270712767
1.00112431733249,0.994407433220345,0.996831152657729
0.916933743450905,1.09095945816117,1.01123347714146
0.993900487245284,1.00907872222343,0.987440300121085
1.05320757421846,0.951450956822705,1.00603882732977
0.988237973773561,1.03234111011883,1.00034757376575
1.00917189118042,1.03030532629687,1.00603788118452
0.938301575041985,1.06855264754254,1.00281001671337
1.01297337393965,0.998036548833792,1.01240358984778
0.919145614129566,1.0744573322484,0.999541934605123
0.988319043232554,0.986487571934857,0.995406816370604
0.916884607832936,1.08973446100669,1.00691956246993
1.00848987289415,0.978314598056211,1.00869882440672
0.945418107912334,1.04560647568034,1.01383831304809
1.03986818054876,0.94849047398709,0.988498696760563
1.0572313316484,0.962480466515447,1.00710417152949
0.979448169688832,1.01052837787353,1.00164548405362
1.0355435373671,0.958390613631421,0.992926444532247
1.02703191804883,0.964081745516837,1.01871141549121
1.02049152982242,0.970754919830581,0.997937545325837
0.977134357851653,1.01087482387927,1.01419350906847
1.02094861272921,0.982364256371131,0.99865832884662
1.04721708582966,0.950165282547923,0.989348189865572
0.941095009611932,1.04100780428575,0.993569562548359
1.0048589034388,1.01623997877835,1.01174744730616
0.975536542045033,1.03563208327289,0.98297271017567
0.989996789635982,1.01795293463685,0.998626867214312
1.00166992377571,0.988734560614236,1.00787781360882
0.980770864993938,1.02805309830086,1.00711118884855
1.03502883174998,0.985248646213933,0.995267944819756
0.972429899348902,1.05962216286122,0.996373096980347
1.05240695788014,0.944479673515987,1.00738680533894
1.04935220421694,0.937832693431396,1.00162586059154
1.06685188595426,0.939308813762021,0.992090057512703
1.08338718477848,0.896203129997886,0.993178913461402
0.964904342064147,1.02505976267056,1.00119114009961
0.960405496684026,1.03551631921266,0.994110249254812
1.0666116948214,0.953327008575575,0.987395442696889
1.03380189432919,0.9539806725011,0.994716381861687
1.05715024385585,0.961316438697322,0.996721060934975
0.989895733146924,1.02090263388616,1.00281370867558
1.00032707292058,0.996933212761025,1.01197902629291
0.865707845547582,1.14587886411557,0.998844811917672
1.00461870457695,1.00394092689453,0.984182531029136
0.928673419032834,1.09188907378679,0.996994505449637
0.956376865816402,1.0476042363523,1.00541797701937
0.982037876258921,1.01863276260978,1.00801977246501
0.994679297569294,1.00693841782908,1.02122381317535
1.0689487030292,0.90390753840079,1.00745125126616
1.01319586271406,0.97977915555236,0.998138920866868
1.00851311409111,0.997630747636985,0.995158236889603
0.98476446657924,1.01513571828105,1.00200566369798
0.935803733904106,1.06200046719954,0.988690016924895
0.961367265440845,1.03724472883958,0.990856219185028
0.975984908394635,1.03439509745467,0.978372837623028
1.02805888822402,0.955916860214189,1.00293365712945
0.938913526417361,1.06428252179295,0.988691310742569
1.00414711764833,0.988046114199189,1.00873008105479
0.90849112914468,1.09989787007134,1.00427540535548
1.05695982649212,0.955834069410447,1.00074189375399
0.938688027706574,1.04402415786922,0.984749038620452
0.978134101233694,1.00710455586987,1.01967677423735
1.00050732589805,1.00429080454725,1.01064762919682
0.930631347947253,1.05758351194021,0.988813592849426
0.965404755783165,1.03332577480028,0.998789780859426
1.0799675753915,0.919980308244359,0.99630643218203
1.03161238673232,0.949598136505602,0.999713242259872
1.03009546057494,0.95035036577562,1.00169676980535
1.00765652120566,0.985616985199675,1.00343926765919
0.981390308644927,1.02990677365322,1.02351626345611
1.04505872849417,0.958449585605864,0.99245801444876
1.0746393313723,0.917714151648345,1.00897193256282
0.851357859153479,1.14207043218905,0.997101462499519
1.0140146553432,0.975444506518795,1.00525795262091
0.953229442375622,1.04997246668817,0.99384411330862
1.01266495880762,0.953083137213594,1.00891261656824
1.00479388034179,1.00609262527071,1.00117879459039
1.03542123883536,0.959805677858097,1.00180411702288
0.95603709291456,1.03960468685442,1.01500141766999
1.05752809376447,0.954522120849409,1.01607002751031
1.04270493651541,0.991870522813817,0.996829369530728
0.94975119989977,1.04429716238976,0.98467275687242
0.993188037621521,1.00391741791749,0.996240868161494
1.03733758980295,0.954720734561004,1.01161225314191
0.981382442192067,1.03960860531103,1.0045132360019
0.877116954810117,1.11970899537176,0.993576166664815
1.0234653421638,0.97750950264289,1.00338087813998
1.02819647016241,0.967511511492373,0.994567971008036
0.972435566095228,1.03518957034535,1.00899758598498
1.05803290784134,0.940629928941608,0.984701037876755
1.03400494820999,0.984792676196389,1.00329488269096
0.968840238957526,1.03706484693797,0.996897671120339
1.03016282621497,0.99334723904571,1.02986270359473
0.943590404747252,1.0574987786326,1.00456259725153
1.01294836781235,0.991908051006236,1.0005552257111
0.952612921622578,1.02933117759791,1.00302970589927
1.07138568397724,0.91289591964406,0.994705493415734
1.0287510819707,0.964261464367516,1.00432129530237
1.02882970930948,0.957541501403769,0.99661867307328
0.927477757277956,1.06187206229825,1.00771956985876
1.0652055058244,0.94622179811545,0.995720654331056
1.00410322018163,0.974436238788184,0.98939686173469
1.03755696256959,0.976925091035781,0.98178259552879
1.08186793823619,0.942651301195613,1.01161717794922
1.01596993408992,0.972382079946954,0.998361079085242
1.04121742728908,0.965995379440143,0.99368112247816
1.01364825702542,0.990746239036676,1.0016167363331
1.00003329731382,1.00618132856413,1.00626013289426
1.0737831307938,0.910209634081989,1.00788456136893
1.08982797558872,0.917859439351003,1.00564946496012
0.959259318202059,1.0528679169396,0.995249845302265
1.0052573118794,0.995020217944186,1.00328960040228
0.925793089503635,1.06086582692737,0.999835097404231
0.958273860381395,1.03839119036631,1.01648992163766
1.03930198661249,0.953193335772342,1.00594467510245
0.986901269513787,1.02764435365854,1.00635855818953
1.04147026725056,0.934476911468402,1.00039685420844
1.04371868484646,0.976771923810227,0.986354264028699
0.916009798295129,1.07910525692909,0.994196405957694
1.02359390819894,0.981981822074901,0.999343642536242
1.01057031034144,0.969429402324737,0.993462346311617
1.03501863376078,0.964539338621433,0.997673714029117
0.990469601261951,1.01333434073434,0.999565186454631
1.07606660888021,0.932317037448727,1.01324622452249
1.02889636293411,0.964914651632803,1.00558543759982
1.00162031659411,1.01487999891519,0.988580694557351
1.00727743937624,0.996854914928404,0.996527053209696
1.0779680379881,0.918199769790704,0.988665081078859
0.98876658582932,1.03586195199446,0.992089903279222
0.986680838355453,0.996177276968862,0.996718050583984
0.982618994305988,1.00795406416352,1.00074830012883
0.960894706083737,1.04396668881644,1.00037443362702
0.94046731576283,1.065935815977,0.98970526511575
1.07171802591467,0.921054253799972,0.998232906787947
0.898813490403415,1.09958777692305,1.01475792043042
1.04374117455465,0.942500315553546,0.995403914568061
1.05276395853818,0.929453550192707,1.00850311322971
1.04613275416911,0.94267031909755,1.00922438427775
1.05278455969885,0.947667288759782,0.988884834283511
0.988460432173795,1.01716315630745,0.98041609433446
1.03743131092971,0.96973388427887,0.993052866949834
0.881454313239172,1.14586065978985,0.987503503468173
1.08997148092241,0.954793360744939,0.998500188096463
1.00677915919734,0.983107258711546,0.98996670603474
1.06448276374885,0.936095220704005,0.993940126393619
0.944821417111468,1.06087732735028,0.994527615458194
0.971734572903828,1.03479581174831,0.994859974063374
0.928614049552075,1.09573330954344,0.985195394885844
1.0088297213334,1.00346916516896,0.99483930502362
1.07432988562638,0.940275599022587,1.00841091050131
0.938125699036921,1.08883590052439,1.00119304415704
0.995894043854971,0.98475904283552,0.998581819310085
1.02369551743158,0.977374039321667,0.995013440388741
0.909953429585046,1.07592067424748,1.02152571526292
1.0928708975772,0.909921634034557,1.00519754248357
1.00760194980717,1.00593781530983,0.982937417935624
0.945673634223967,1.0613966546908,1.00942211116737
1.06140149967272,0.950602650264744,0.99397579390847
1.07618919210589,0.917753599311612,0.991904890834439
1.05682950325773,0.947676364225781,0.998352327232307
1.05258298818566,0.951734077768203,0.993408803977452
0.998612540941803,1.02407053059221,0.979878106330198
1.06892414894224,0.945240276179254,1.00682341230596
0.973257882377834,1.00636184884813,0.990046935248803
0.964719019569732,1.05431054659623,0.993241697535623
1.03845536171159,0.961029754625813,0.988296659539521
0.937909930335845,1.04660760486409,1.00785914809392
0.964445157538501,1.04248318430567,0.996510751557921
1.01890487855909,0.991604140493609,1.000255263536
1.01471860270111,0.9739424571937,1.01816131231024
1.10386787055286,0.897086578326858,0.985316742609902
0.943123989020067,1.05499758253057,0.982261465654381
0.975039186061732,1.00748642812175,0.993237175576253
1.02572923411363,0.963298588406581,0.994912054134426
1.00211389092442,1.00793006665878,0.993425672511549
0.998688010755244,1.00768041758109,0.991131633483139
1.09085873850779,0.909186190175884,1.0083226285554
1.09914446587666,0.900425842479154,1.00123217803288
1.07659381578158,0.909992957387583,0.997472793753494
0.989409581118472,0.99891931473189,0.987904933623336
1.0847306030662,0.907071194306889,1.00079034735393
0.993858146755662,1.02760662726248,1.01234698797801
0.968503639580515,1.00559139515218,1.0077495645947
1.08539535285067,0.905624644117875,0.982090011554597
0.95969722881533,1.0163178323389,0.992933141849021
1.0294777026416,0.970350374482994,0.993409313846589
0.962543254801453,1.04288933002404,1.01244057860842
0.878580141565451,1.10172861087154,1.00296984953514
0.926996515534205,1.07813239683624,1.01255228462106
0.977604593041941,1.03075758261937,0.986150429484221
1.01778844545244,0.97205751860079,0.991847833382778
0.971744441537438,1.0225889693463,0.995841914405821
0.978980049033842,1.01298129630429,1.00123916854354
0.991363763286407,0.998183754987239,0.991666727665535
0.948922493765526,1.07513365363827,0.986079648388922
1.03226059176161,0.979369874785482,1.01242992056139
0.980050854387963,1.04129644911764,0.998347138967739
0.962229921247511,1.01494362015893,1.01100843984416
0.950157832827126,1.05465889392338,1.00522283076191
0.995266220201395,1.0124868305485,0.992004360568663
0.970167139404792,1.02824956856195,1.00594074667776
0.989020230735638,0.988142455510326,0.990055401302179
0.999716419180839,1.01158174178315,1.00949105125203
1.06031398250177,0.942777497616806,1.00625399608516
1.03676347941886,0.966734274075718,1.00788379510803
1.03076701239408,0.942294527964862,1.01436064177894
1.04616777178468,0.986506673801238,1.01607829474681
1.01098967960274,1.00060609652355,0.985350253137868
1.06244595037576,0.940048487814275,0.999022635622701
0.966970423184451,1.02236484934319,1.00375113133586
0.978388473709411,1.01184951639976,0.996469420737335
1.04889651153796,0.973953129293969,0.996493614835804
0.943075390779015,1.04833761101182,0.987026957178773
1.0246343624825,0.973958413485854,0.996346277974686
0.974096669699965,1.0254981649113,1.00274767237377
1.02131071009126,0.983553398327359,1.01905280711621
1.07859029036283,0.936845895193754,0.994654290133563
0.969816736578766,1.01831045771479,1.00543210659925
0.990663603397752,1.02054202747597,1.00312345764531
1.00381941110433,1.00609415462391,0.996645473149213
0.997913987850532,0.996359959984154,1.0082549357476
0.96440467548889,1.05364152914014,1.00962044517192
0.966382498290038,1.02989032020945,0.985444539002923
1.1252081641305,0.873584313860533,0.996874810278696
0.97812474931139,1.04608988710042,1.00731283407362
1.0301459840729,0.972656325189541,1.00948707042257
0.998029098238875,1.00797793823329,0.997083116720539
0.921384109339006,1.07666949150361,1.0025434633643
0.9749310519032,1.03630655497358,0.999453025114697
0.971228741127661,1.03377709172868,1.01964417284613
0.963304857803767,1.024860791291,1.00806102276134
0.928912845125415,1.08073337838173,0.989869275945969
0.955922185481399,1.0537890835778,1.00214603054692
1.02007883527635,0.981011530726215,1.00135705032044
1.04931191885246,0.940576290649226,1.00365803271149
0.984101151787923,1.02528265132952,1.00026041790667
1.08943434800602,0.931869098554839,0.996121128240709
0.907703404459531,1.07824775560837,1.00963312422732
1.06344009599572,0.956928194526192,0.999703715077786
1.09557992072164,0.902046070064413,1.00861367610772
1.01578011301185,0.984478176017722,0.99382355753427
1.08293093743181,0.893002565885457,0.994780332143666
0.983666223586418,0.99429648226783,0.998407621096203
0.980733220583221,1.03693931769524,1.00089785156459
0.969627778077431,1.02465082476147,0.994282980041606
0.958916245282007,1.06478366386213,1.00734144950683
1.02292500457184,0.978930989121757,0.991699545237681
1.10451921077334,0.895463073619597,1.00462868575797
0.980048347205747,1.00939758000663,1.01157167731708
0.981480435626472,1.02125120248345,1.01970057150837
1.04476721713421,0.958541556357261,0.99728994241769
1.02554621316649,0.983692526447999,0.989638522786767
0.946581872482624,1.07273594493289,0.976805996267114
0.895545153659825,1.09459400809463,1.00340285328486
0.972289869767789,1.04993989869102,1.00946451631821
1.05455280012976,0.954423631854143,0.993066288515971
0.96303277981841,1.02871118219056,0.987425086246567
0.99238574849645,1.00206808032345,1.00852484875666
1.06068747234758,0.934813037816411,0.999774526633912
1.04837192531766,0.942211590808336,1.00124806465918
1.13308860773609,0.850636068132659,0.974556598246049
1.01756009573499,0.960081501862885,0.993160461599799
0.99336558856911,1.02157015036723,1.01109922171573
1.06881691126112,0.937883834573362,0.997295691106078
1.11333676844444,0.895169791000042,0.99144804707606
0.991174343742486,0.996739152539003,0.979405582968503
0.988663889620347,1.03740002205224,0.998443190458359
1.03585452541806,0.932259608825566,1.00424720927793
1.0122924762626,1.01400087960173,1.01291855696843
0.997942778163466,1.01470740004449,0.986454049875822
1.0125007598417,0.972789040111734,0.994802712214005
1.00263364435119,1.01307474056614,1.01144816869633
1.00558133828769,1.01465761765539,0.992470724277244
1.05410913335279,0.952665279837897,1.00159948667064
1.03266890203014,0.96269576899601,1.00901229979707
0.96909877880181,1.01979811935758,0.990334330317109
0.98019005076768,1.03860565917721,1.00163879080024
1.02502839416026,0.9948603825453,0.990631645796823
1.02671444260462,0.964353639626281,1.00382697153883
0.969433556456169,1.04541632727176,0.998962114758428
0.978179253278025,1.03039330671143,0.996682068131844
1.01649396414513,0.989872599890614,1.00598586807158
1.01227692372296,0.970392113171075,1.00822069544857
1.0365429059369,0.930784020640696,1.00033477386634
0.988356110729886,1.01257673167958,0.993989173668509
1.02822818971276,0.969883954865528,0.999324314566075
0.983748505261026,1.02582275669176,1.00344505949469
0.997483627291109,1.03720378278048,1.00907084361541
1.08903654107798,0.902659612152638,0.992185429045614
0.977730456943507,1.04502065814747,1.02610240903931
0.992160275516718,0.981285545245168,1.00723143746372
0.965168240015395,1.05066159870515,1.00596469685374
0.994229667259291,1.00426264654945,0.995914649409058
0.876107172104812,1.12894590909528,0.97979937397698
0.976775226027578,0.997105142851321,1.00315268311571
0.998246462185481,0.98424275062933,1.0055812264621
1.00058238541911,1.01043020080446,1.00888121139269
0.992132413928795,1.02155995462966,1.0076497934703
1.01847853521375,0.979895179163431,0.998146910505844
0.983719179084197,1.02650412021291,0.999544001797387
1.05716756962735,0.949909865707646,0.982900624496655
0.979903157362561,1.01674069233834,0.997382353114232
1.01900717798845,0.952505300881413,0.977778701695427
1.05715763745893,0.969015768359566,1.00524752813299
1.08002275806525,0.898454489475502,0.987260717328346
0.94987905291549,1.02209681289698,1.00434706626841
0.965839714774836,1.02912937711226,0.997516758494782
0.988833113921967,0.990064982451016,1.00310704679321
1.00532491328181,0.986140967459443,0.996515079525352
0.971362823839688,1.01652466258835,0.99577381429152
0.967852492022771,1.03534334941111,1.0028339957038
0.991067969099871,1.0022276845182,1.0055087967533
0.985728893083984,1.00956221159307,0.998236142240074
0.927627488865127,1.05904280120352,0.997218781419176
0.958492301528946,1.0428981604191,0.997029127857435
1.03285017458328,0.995525158737688,1.00456443551033
0.993315351206937,1.00775877023528,1.00863459177246
1.03359557609404,0.954024328100785,0.984249045718599
1.04287810927498,0.97027516659053,1.00099421907883
0.951312270209664,1.08372242755141,1.00210901507137
0.997502053203331,0.984906774539181,0.985976375300633
1.00421615642876,1.02062638733276,1.00255480509756
1.04990935402188,0.94213047793015,0.983046541949328
1.08958264333568,0.897569197880877,0.985916745217792
0.961354405399692,1.0420393014063,1.00230629902304
0.995560515635693,0.993213565254915,0.994693917227012
0.957511686077222,1.03302556940389,0.999633662215494
1.04035915730763,0.973559627814698,0.99497182083327
0.932553875283318,1.08953782806496,0.985035322426666
1.09519811573021,0.914893281307879,0.984011000731735
0.996268761684308,0.99834124785502,0.997213686923365
0.950540719423263,1.04932540350964,0.981942370202439
1.11930904562692,0.875492863519925,0.998532257897948
1.12706340839872,0.871165107198526,1.00214803699786
1.02257426472865,0.986669523988578,1.00227747907765
1.07954000806315,0.927908787967139,0.994582550884533
0.910861725334017,1.0957266635373,0.996696734729069
0.949362987378664,1.05927773400813,1.00583153866211
0.954363232221023,1.07340541634199,1.00099481304472
1.08210106440936,0.924246775665296,1.00534599512815
0.954117824026101,1.05277360572062,0.99919688163356
0.961553125148472,1.038623223984,1.01013535805997
1.01497555509722,0.965834414091759,0.995666067045733
1.03594419075322,0.954244334331513,1.00916641442547
1.03326774372732,0.989293564110967,0.989020000637625
1.0745831296865,0.922989181535153,0.984948732901679
1.01397871047386,0.99074267386579,0.988091932498318
0.949653504372398,1.03271933252834,0.994559503790913
1.00366851223111,0.991591159311241,0.973785629430922
0.967899960828321,1.04114432337098,0.994702976091416
1.05256263522816,0.946993227274822,1.00469771209162
1.00508075926464,0.996758787172675,0.986953506525532
0.944555625103032,1.04808587476456,0.99640074366544
0.984391750911656,0.994160164725623,0.994990018845089
0.910617222610339,1.06000021576454,1.00184553638097
1.06375423593961,0.979998458810226,1.01143873540938
0.908787400101106,1.10885619031895,1.01362536622104
1.02991897455457,0.982018581653779,1.01348562317981
0.99578754337878,1.00433261937893,0.990790656365087
0.983601513686885,0.992329477371466,0.986442896652641
1.01535169840727,0.978572569564194,1.00789837720359
1.03228957292403,0.975835583389519,0.993546340317524
0.95044488690501,1.0288066341417,0.996411077531138
0.957084961046372,1.02197158530809,1.01249335147093
1.06708647739105,0.939068827423388,1.01766847061378
1.05691138339117,0.951676072055676,0.984986630969918
1.00253759942435,1.00625496445965,0.992699322897861
1.02947939669305,0.981207245940579,1.01497188865894
1.1135040833894,0.877680540213441,0.998862470428083
1.01619800175254,0.999774345537862,1.01974821617539
0.98589788077386,0.987562568826842,1.0115951804459
1.05325529028882,0.946601710003095,0.982996930468246
1.00877854654385,0.975144606602907,0.994133025507258
0.96157729158219,1.0310862086309,0.994204854641121
0.932731109109324,1.07482947730443,1.00574433333467
0.988132677931749,1.01719013306992,0.999549695238848
1.01077261247307,0.979078001788056,0.996986143053188
1.06877047146278,0.921025024251095,1.00638542793397
0.986812996876773,1.02422230405052,1.01949433497829
1.04255468490004,0.962472684401896,1.00350496912549
1.03312012226487,0.958105243712667,0.985392181036684
0.969056424416095,1.03551971792466,1.0080855296028
0.895341243594572,1.08548252592483,1.00060643842837
1.0821076702032,0.940247074186671,1.00521559637437
0.962964071016745,1.04252802313859,1.00955668287879
1.07417414788827,0.920094126748324,0.999887521930191
1.01530854729416,0.992367698456199,1.01452693540692
0.961063213564047,1.03666329719292,1.01358687687152
1.00241755165736,1.0014591438205,0.993237609183858
0.972235146813,1.05032727352793,0.980566153693054
0.94458940890829,1.0264163034302,1.00827572672256
1.01077677963184,0.977326216697227,1.00076765319511
1.02152246777664,0.957606624634192,0.987790183169268
1.04052991655438,0.972878662419102,0.996124624437584
1.0162272328359,0.972921621595191,1.01833511547581
1.00414512304179,1.01182091827259,0.990921296250372
0.983167685394838,1.04051499097784,0.992570429228652
1.02967824686421,0.981331290114348,1.00766675558429
0.939791690294677,1.0590189207316,1.00435631483304
1.00098226624364,0.974596926711028,1.00702108426165
1.0398333657465,0.973884295736103,0.988541689326881
1.01824168024166,0.982284870902561,0.997904027419185
0.984271027014822,1.05397499641129,0.996434376750689
0.974979889459273,1.0120597874068,0.992705040848513
0.985031298153347,1.04263622150791,1.00261802609104
1.02803713702004,0.936316651691862,0.976882864620791
0.981177917720465,1.02076194979544,0.987623877136138
0.934808317557541,1.07580038817365,0.981009532011674
1.01279534040974,0.995139957676009,0.985864612766188
1.03918838979608,0.96247442323206,1.00490215289929
1.01687791231095,0.979311362527311,0.99970320827204
1.03663860060545,0.949150739410577,0.998379695229945
0.97622897892177,1.04182300901975,0.98778375989256
1.00468793148684,0.986788979603732,0.997933040345491
0.956832989357612,1.05526107116981,1.00158600837733
1.02131987362587,0.989583379759743,0.995419451518155
1.03368251841712,0.94977421236163,1.01152122065288
1.0359096701767,0.935807020782895,0.994794268789514
0.956719607270934,1.03559173413092,1.00378102876377
1.01035683594711,0.99505106016163,0.994654755293493
0.988377660772923,1.00985012323902,0.97849485067508
1.00892008161836,0.986630649264563,0.996429288978539
0.987408896455283,1.00251308836968,1.01089242438923
0.93877407525202,1.05796224663856,0.988867133248671
0.9722544379381,1.04196305989476,0.987218008776598
0.954156706818797,1.04788798345164,0.985366869549278
0.891513061405137,1.09713432256173,0.995033151591126
1.03292667794935,0.975258840077803,0.995244758814864
0.926063497504956,1.06135912947583,1.02629745160536
1.00462387630606,0.971105882282805,1.00662931564298
1.09298040035215,0.929196789101388,1.00676349902837
0.989394588336442,0.988021732210533,0.99400933925884
0.982980171093483,1.02777312235601,1.01528552597891
0.922195926661767,1.06627948469876,0.997468798601763
0.919450462079868,1.07145484423976,0.989612305889701
0.993485544789033,1.00389933374234,1.00506335585383
1.0595939527401,0.958752117948049,1.01756615022505
0.989723122659168,1.02748421652488,0.985956685963338
1.04258336173666,0.957831145342979,0.996427852719414
0.967761328672041,1.02174492428129,0.992045716102427
1.03941528325855,0.971957275058991,1.00460856334621
0.92384630865508,1.06378340709922,1.01032669145759
1.02428085819999,0.989984870035398,0.997320224858448
1.01273018050877,0.986574156041814,0.9955547458897
1.08813880077725,0.90440886296116,0.985316281814329
0.999351315226397,1.00769772366686,1.019371303246
0.998001315018507,0.992910384878109,1.00853239957371
1.00831069564743,1.0142871148162,1.01360632053684
0.957230854419029,1.05059567860444,0.982370607477307
1.01709875467198,0.977385376570265,1.00340076885906
1.06036650061228,0.956022821905801,1.0054766206659
1.01644178487671,0.984927194541662,0.990418875278598
0.959639021072051,1.05030068966778,1.00168156469495
1.05785622843768,0.935842687236023,1.00512472611913
0.954108755551563,1.04934886939691,0.99138437389429
1.03455901985258,0.996053915397895,0.98842588489131
1.06368177198194,0.947413934451369,1.00589339120866
0.941972924675617,1.0696230111215,0.996004957979751
1.01994472137639,0.972265750776852,1.00812408298667
1.10707454665938,0.882180293940901,0.986019985677992
1.15488153782361,0.855072248694463,1.01793272435304
0.921855180551528,1.09120505038997,1.00127290504483
0.972780369217506,1.02091706917221,1.00238919154504
0.969704555513865,1.03167281232005,0.987104170073886
0.939734086085797,1.05780872506004,0.991456620279432
0.912355641417307,1.08375209655588,1.00317346017025
1.03436510299554,0.961172470814322,0.995966798371682
1.02476099705713,0.990330276387659,0.998677719703959
1.04244127707036,0.956079799710119,0.999267523961206
0.982384091519789,1.00208224908133,0.985320055741051
0.995541100361582,1.01050734230547,0.990931242230945
1.00572201458062,0.993012434322136,0.996221817496783
1.0148208003612,0.98727158374753,0.99520331652335
1.01779618721602,0.982195232356449,0.991788346560209
0.93668534142989,1.07000689177527,1.01498143565012
0.971374236484277,1.04171667175347,1.00428984093666
1.02286747651004,0.975381811166936,1.01151257203831
1.07016199032218,0.937766000686053,1.01576142723012
0.882754075009096,1.10922135178072,0.989303831029284
0.995747019841737,1.00826998362781,1.01211722741075
1.0016097474862,0.983933680999146,1.00257562703018
0.955280378426167,1.05337410151679,1.0039502511398
1.02041617962459,0.960120711150853,1.0076498882553
0.969335818989151,1.0248319953591,0.999037862874673
0.941150353619249,1.06951348072625,1.00811817592563
0.988223618748589,1.00171639515374,1.0081995446474
1.01215144182888,0.985512320821476,1.00453160406923
1.00239222419811,1.01345313900742,0.99504990503951
1.04506191166849,0.935585319033353,1.01963378778497
1.08228434907358,0.909880736720488,0.998345811520617
0.941482130254362,1.06757115048663,0.999937520843866
1.01680297586562,0.988417951084927,0.998274710900803
1.04966852424316,0.949067228967041,1.0119526361055
1.05899672870554,0.948848077749653,0.992098509064792
1.04425365878378,0.97521372246742,0.991130556247895
0.934566396525638,1.07380111702003,0.993727652662335
0.932799279860795,1.06689530056193,1.00799603393024
1.02320385404624,0.986815891776925,1.00820784247781
1.04779924070342,0.961604768144865,0.9893752677255
1.00550553223324,1.0183913824969,0.99444817983874
0.983697790693966,1.02336481331165,1.00226782927632
1.14395524110086,0.853663722921669,1.00380062558011
1.00422824547022,0.971162534672183,0.983234858730732
0.912161046482476,1.0994024683086,0.986230184435289
0.991945901293709,0.999481322855205,0.998712877572468
1.02406047265611,0.989857407593476,0.98898669076171
0.935623427707487,1.05917151013717,1.00855816103532
1.15175802118469,0.881748158479689,0.99582933981255
0.940476238231354,1.05089412013897,0.981246263368853
1.01548340377984,0.984618919805672,1.00261676496211
1.00609915340937,0.978093820993843,0.99241097864043
1.07063743505251,0.929006489856771,0.98089763117847
1.02952292922441,0.973072407633559,0.994208888987175
1.06175259907073,0.971762756984485,1.01036614764566
1.07093708141979,0.94935284647731,0.999877875935962
0.970143375280079,1.04113105588002,0.99174914143394
1.06230933668557,0.937485460465378,1.00325089230572
0.977760006338001,1.01671160953303,1.00572585604593
0.99790020025928,0.978614140086888,0.998080257952417
0.961744949730479,1.04561190440471,1.00323914962398
0.924378983772216,1.06961208111795,1.00081501817679
1.09349115608598,0.917510749478797,0.990738084609591
0.995514743438211,1.03140678295754,0.989902787010685
1.05523198624169,0.965054491005706,0.995046396308054
1.13059420427942,0.878332517478423,0.99621538464699
1.0068463760376,1.00540093093457,0.995898118134186
0.887310755567255,1.12565114140501,1.00393925834851
1.02493490863375,0.985005560441727,0.984307628888873
0.928744148561431,1.0561854259777,0.999732830922539
0.981453814234165,1.0065806732791,1.00444810548561
0.979919530439352,1.01054955057878,1.00160979849902
0.935735614800553,1.05142478194791,0.995008721259219
0.96784810888215,1.04216769634701,1.01105203411445
1.07190418594542,0.928709389651663,1.00991755437358
1.04315747876796,0.946806116423594,1.0113162121573
0.891729357159066,1.10538972308528,0.99661287899128
1.03268900739855,0.985202549720649,1.00191422096422
1.05752738952135,0.959945593416428,1.02065054868192
0.956340994912945,1.04470949202386,0.99149724386816
0.929874760634931,1.05566013963042,0.997591470448185
0.922662907163792,1.07737903116788,0.990392234754371
1.01864795955621,0.959260155397538,0.990467270855209
1.0172261984508,0.983575773112806,1.00853839341481
1.03497857378732,0.935221272784298,0.997620098485029
1.00781952011833,0.993956771698536,0.989959661912805
1.04748122237759,0.950444962823038,1.00625800626304
0.970393502430634,1.0209916009741,0.989016958804247
1.00854785460873,0.994195861944032,1.00972218639179
0.944802750665823,1.07177076046432,0.995842968543202
1.02512052667194,1.00396320992681,1.01592359114992
0.971813415695746,1.03199133639357,0.997436453258497
1.08000586372187,0.925112187839609,1.01590003907902
0.985696249879176,1.02055455432625,1.00099054198086
0.961311606994103,1.01470900303159,0.993259501401579
0.997308188256325,1.01881358491405,0.977050070791376
0.931183996593603,1.09073979850458,1.01948861568202
0.985206708914703,1.02761663621955,0.998001593793671
0.929588333942472,1.07593286588161,1.00831624062502
0.973393248162515,1.03451979794873,1.01057234852319
1.02966432652734,0.97599702825472,0.978682467902008
0.995992825097359,0.949876748460982,0.986070848093769
1.07761451123926,0.951644413072025,0.998207589618877
0.984163789177759,1.01803903525649,0.987842246695592
1.05205808205072,0.950464973244057,0.990259268529218
0.968717610709205,1.02040805673937,0.988548090052674
0.969586337562646,1.01154177674284,1.01770147012902
1.08365049510601,0.904949396812104,0.98800936131984
1.01850818838669,0.975426685803622,0.985067531493671
1.00641808090624,1.00207851778329,1.01708048174746
0.996084231184768,0.997310591998932,1.00388549843119
1.04498754290754,0.961114369247518,1.01138160046577
1.02377104094174,0.998160827868733,0.993258765305436
1.0063412588791,0.989435777020954,1.00227175383988
0.934025457829403,1.06173993662122,0.989017939192614
0.966784264747046,1.02158755906202,0.984503261383393
0.969587319500686,1.03851751077984,0.996683790606449
1.0343003783897,0.966721070480213,1.00477862402473
1.01330108607831,0.978373926194542,0.984031290852386
1.06626787468662,0.95246384388792,1.00825456004174
1.08336455605337,0.915576352153373,0.990997737331884
1.00528745116254,0.99051741380049,0.990273784316055
1.01670771977725,0.985885645055955,0.99873977041426
0.978790904025454,1.00156438867496,1.0052301905134
1.09986780249354,0.91377193801063,0.995609664295994
1.05691044664358,0.933571379203957,0.994230079758132
0.96805859056686,1.06602289109084,0.990934511420228
1.01823081196446,0.980031009635872,0.998633793483249
0.911174037244371,1.10316921813925,0.999976331761506
0.91608881003737,1.07839043492377,1.00976548744323
1.02387660213422,0.977396925613835,0.989219184672058
1.02954313250102,0.970408439531582,1.00599824694281
0.95279953686136,1.05981295725305,1.00811471944356
0.969659820460054,1.03822341399902,1.02576920085116
1.09854004005647,0.902753797900587,1.00277865519979
0.99476289704541,0.997317520227334,1.00340126780167
1.04061856654838,0.972263806540437,1.00611344056677
0.99808151468664,1.00780070342523,0.996104945640702
1.03827936498373,0.958980143898357,0.98532102868394
0.996355629108998,0.997683491986192,0.997480087479124
1.00733796455165,0.975119683589373,1.00219826183071
0.996580024222111,1.01282790396799,1.00346429214879
1.02886890191453,0.972175600102764,1.00066056785888
1.01328199844561,1.00863884792508,0.994915814855544
1.00909673128636,1.00015016246589,1.00738075062139
0.912933439824754,1.07630532640773,0.994398144794211
1.04383227163533,0.967063681954245,0.992963599182256
1.0647985658093,0.934004931314846,0.996841158255214
0.947222923774089,1.06931069234988,0.997404341063619
0.990026542850194,1.02144776315409,0.988461110410281
1.00662188817164,1.00612351721488,1.01036972584227
1.03661453525241,0.996163885975179,0.99893054154214
1.06607450541941,0.918852304281001,0.992321053689293
1.05054852025135,0.979831833604904,1.00441035087583
0.997910137415069,0.994154000388169,0.986408367986625
0.94239568627139,1.06926790280338,1.00092083257297
0.985070258867975,1.0056415028641,1.00195224986015
1.04253015689643,0.928886770897886,0.986222352294589
1.07622308726324,0.912682149259997,0.995006844543117
1.0661514798138,0.921053379033315,1.01375665220421
0.986505342143192,1.00356717632842,0.993760289060531
0.957345747579707,1.00965700984703,1.01570644692773
0.950710929029906,1.03917372307376,1.00993469275428
1.00597339190539,0.984663733919857,0.993716760930197
0.955007702759132,1.06983015340599,0.999009014577072
1.04149700201441,0.968722721992541,0.987798532648764
0.952388626087464,1.05866760001046,1.01974713784421
0.922536600464469,1.06287749944218,1.01827458102611
1.01505964140041,0.993417841813042,0.990000201636289
1.03637521176684,0.969032323579441,0.982914787099624
0.983709603209067,1.02148240520974,1.00048565681717
1.03267701884546,0.9550020749462,1.00921887684495
0.891811986439223,1.10200261386721,1.00960311104625
0.97061560752871,1.02656584619191,0.978397101390818
1.0572752530429,0.922867544967361,1.02427833303772
0.947983133063889,1.05142441573041,0.999086689359553
1.07700307626584,0.929701436313018,1.00707966541849
0.973470621808007,1.05552753303717,0.995580514761806
1.06215876698148,0.952736994606645,1.00838937164792
0.959640125872498,1.03833692756987,1.01393006389285
1.0346060288076,0.978022272713222,0.990291830508395
1.02340437095133,0.977812413905818,0.993362635475638
0.998767117741836,0.980722325438865,0.998118254065479
1.0157631459775,0.984947133555855,1.00450789926824
0.952912779733573,1.03769571471546,0.985591232671265
1.07130160240797,0.960757451771786,0.993693354267445
0.982193426647075,1.02226128648944,1.00425251153761
0.97674458162158,1.02993408605973,1.003404617177
0.971933188433505,1.03647309316692,1.00459072752403
0.929048389987687,1.05217529765203,1.00355367270903
0.992449090854837,1.0087957321986,1.00949125627887
1.0266064610908,0.987024486985747,1.00059327548023
1.03473422525384,0.962299494071517,1.00524401797751
1.10383094904674,0.913851911200721,0.999629169764231
0.932971732485869,1.07016326442027,0.988907480921688
0.95769464906609,1.02651932366999,1.00230790965605
0.944174809751909,1.06105692016307,1.00060026117347
1.06210842300724,0.951184376387765,0.990554554744384
0.980690027216912,0.997245383278781,0.996743077551753
0.97185947866723,1.026843236798,0.994589868335927
0.852964113130605,1.14905066523619,0.99088247866233
0.922838518700074,1.06381325466785,0.995242805612221
1.02819605919645,0.959041647572632,1.00527661668941
1.05896181954122,0.934535487357784,0.999764238473022
1.05612852753199,0.918943763483679,1.01124018046074
0.980849632665443,1.03265410984997,1.00930826547782
1.09444146407193,0.922118876966454,0.993859879516037
1.00098063608133,1.00025716329512,0.991586265126972
1.1242152084728,0.863638699593557,0.994316772739983
1.00082232092238,0.990869791743022,0.999407507412004
1.0387021687468,0.96519171961946,0.981085965678423
1.11652790199704,0.893263702298792,1.00112944741919
0.922821723047809,1.0602517696129,1.00513007248313
1.01245504111708,0.998611243901203,1.00121001495371
0.980431487748681,1.02688289351387,0.990310194604855
0.993373371442441,1.02060857794674,0.992233119986938
0.953556331076317,1.04086511311411,0.997356877650293
1.08151871373792,0.938716596190709,0.991554824907795
1.04508160975986,0.953756808150166,0.996878224091363
0.980381354770062,1.04368209960766,1.0085659948175
0.95886083956836,1.05738602709587,1.00948196289244
0.988862813402002,1.02743930461717,0.994462290056284
0.963940268531008,1.0336040201878,0.99273797315677
0.940936621080229,1.06982992881334,1.01019613854721
0.930844379409361,1.06571879710615,0.983852500909903
1.00932746921123,0.977352750869029,0.991547883523887
0.943623105412136,1.0496780947634,1.00138808847149
1.00514807634437,0.992169388696723,1.00147886772963
1.00949508785424,0.972150717697486,1.00650754863423
1.03827444946871,0.967034102586167,0.989497219737393
1.0197678161496,0.971117465251102,1.02019185732552
0.980536444386939,1.0114249995332,1.01413232761476
1.00171811065295,0.981100769476454,1.0097343869799
1.01271195294683,0.986508664744812,0.988769030437018
1.01784399333287,0.979356313946053,0.990398547064433
1.01481815265777,0.961690394248499,0.986167166176402
1.07335281612918,0.878083816332405,1.02478009665137
1.08974894434864,0.921889899484828,0.987491139745983
1.02090959840202,1.01669644537495,1.00281162786173
1.00274723039846,1.01403796127521,1.01591730459602
0.886345023211603,1.0903872633827,0.980274287546351
0.927900238655988,1.06187319755253,0.994421858339702
0.928910334048668,1.06738517483117,1.00208090712732
0.992585819338568,0.983811216836054,1.01096196562789
1.00693089880591,1.00309214375156,1.00160329760529
1.01787164719473,0.963090206799708,1.00718096599119
0.923621439117467,1.10433618760677,1.01108969769392
1.06950526613327,0.958762017725368,0.993028351181045
0.97535170393669,1.02760638475754,0.989647775751459
0.952626133438133,1.05088962641698,0.997017405300316
1.06748703091682,0.930103339473362,0.998393451354717
0.996506626039427,0.994693954216769,1.01736631457027
1.08772390035503,0.915448550039303,0.99874752283559
1.12015111081434,0.874415220226175,1.00641400936234
0.95785699420827,1.04686834941008,0.975447483330309
1.01769590871411,0.978475005225717,0.998083853333499
1.05766520379144,0.966975316016861,0.988827222652068
1.10378933562348,0.89280866802907,0.994366625793697
0.975900421247225,1.00597564733971,1.01536574092149
1.07709516361184,0.93651317795141,1.00750777658285
0.961609411272609,1.02706095519052,1.00684952962928
1.01493487907198,0.969548216004778,1.00086636835162
0.985998474856054,1.00043188848923,0.986482282716493
0.928610393104596,1.07301594366755,1.0159180014294
1.1194395551791,0.872893549439387,0.995309420017717
0.939324586819852,1.065483264543,0.996869188507229
1.06171573040252,0.94248629062877,0.991404621786706
0.912089919811174,1.11522031649698,1.01865067176686
0.998205757747458,0.999490809150282,1.00405307554187
0.98784306046828,0.994516970577111,0.983696456207162
1.05807861757124,0.950277172099575,0.998472499189397
1.1087991689319,0.880735468948613,0.99221053749833
0.954600609979919,1.05888775916686,1.00209763178075
1.06390419174869,0.923962034849356,0.986151165405774
1.0080769593091,0.987429848622214,1.01996377379359
0.928947215738858,1.04437462734082,0.988090964481294
0.953086503587708,1.0457158416796,0.980377260358255
0.997976034689698,1.01452242097266,0.996570795681651
0.979350320974101,1.01554206642111,1.00021473093249
1.03580032403607,0.957787431206884,0.968389568963427
0.926492835160457,1.07020650007162,1.0192460613182
0.959888084067901,1.0419716447851,1.00507263708494
0.959823430763446,1.02461766906789,1.00256793344265
1.03389274610984,0.946791410858095,0.999866487795295
1.01522246093126,0.953809381072727,1.0072086107583
1.01046360669043,0.989163369746757,0.992720083072108
0.966579062634179,1.04882443681848,1.00510513259285
1.00479158183266,0.969075040408917,1.00290984107352
1.0748162565282,0.927956746187624,0.993783620868703
0.927468665688113,1.06649293729184,0.991107547551928
1.00960365390449,0.990276134593342,1.00356635815968
0.998148311122617,1.00359732702032,1.00324866150923
1.05656025609124,0.947127034705803,1.01604551928172
1.04074303467301,0.965880792123645,1.00014876821899
1.02444696271644,0.960626606480641,0.995028568052281
1.0773521463372,0.922444252825529,0.995360584934279
1.04264509083909,0.946750894336618,0.996563813311396
1.11933110744027,0.91192778431821,1.00875879001814
1.04255419457515,0.968792208115404,0.994848299637832
1.02511260925819,0.948595041824635,1.00619707284124
1.11860529111738,0.903509151938272,0.998295223212947
1.03918779281096,0.959497166926163,0.979759649079731
1.05806023963581,0.940626269112367,0.990495087787807
1.06298815999576,0.969581281573223,1.01639664633958
1.06349446418437,0.958630277900146,0.985591300434194
0.994914203155744,0.985944060097246,1.01105340861336
0.959692634514424,1.05036255214245,1.00892614110499
1.01960892598049,1.00038281613955,1.00538244122994
0.918893344436191,1.06704665373448,0.989561072028321
1.08523987400607,0.913290109656757,1.0160987402165
0.941908733230261,1.05475222535991,0.982997493301403
0.93687039329261,1.05076538434479,0.997029191558109
0.981639819625624,1.02775968631917,1.01042954955906
0.901766851168578,1.09077447674502,0.977549134685582
1.0399375250195,0.94331347754361,0.994720836323746
1.01014689180368,0.987331839759979,0.99445572920522
1.04926724920094,0.941630536642797,0.995787619110928
1.05218401376473,0.936248156684453,1.00215964857803
1.01970391077212,0.950430212651171,0.990351024147669
1.03074274931051,0.963643959796026,0.997215339109176
1.02945120178858,0.971101662447725,0.986210482041753
1.04092893400592,0.9518074019143,1.00411039515471
0.961438539424178,1.05501052962619,0.996470187804888
1.06336563738502,0.918337890839082,1.00658266349547
1.0399783857225,0.975389608535333,1.00020993515366
0.96968602127987,1.04435781725208,0.999884425868863
0.889696296056084,1.1083650049587,1.00926911063545
0.995307976866969,1.00543995176752,1.01168255930992
0.942126185298201,1.061107482179,1.00301805538063
1.0242472005761,0.987026640695477,0.991303624163933
0.99745230064879,0.966803408101908,0.98693210396128
1.05173269036467,0.927066491308492,1.01210013062614
0.960744178549797,1.0509665314239,1.01230535452523
1.05289348171221,0.957302696541875,1.0007712885994
1.00232801719121,1.00092708486405,1.00304791320021
1.07155801679888,0.909905543535153,0.998705525449308
0.959872467667325,1.04265294689565,0.995823246336751
1.03465475095128,0.962865116993531,0.992061246507617
0.997715284772094,0.982865430916554,0.993408086487634
1.0269933671083,0.98465372057895,1.01017351810705
0.961004299153067,1.03906429966074,1.01249139025873
1.01231600314871,0.979887729740748,1.00320361459399
1.05865804795346,0.933653005967498,1.00331375584616
1.0562636894787,0.94625420971818,1.0066799348998
1.00111296737093,1.01208219974965,0.98733023676314
1.09014625025586,0.91767012503066,0.990523196686933
0.963763059685132,1.04685987868273,1.01269679351379
1.08036185691021,0.936513181467985,1.00873714471962
0.991425438527782,1.01870002419133,1.00235952587845
1.01841789901965,0.986224890300911,0.987380025145928
0.968305284250164,1.03279646298896,0.992827518023584
1.02940097367674,0.946757623037408,1.0027478235229
1.00790323341514,0.997420794298701,0.991070835266477
0.886766760012244,1.1278930027846,1.01061752031977
0.918719419036117,1.09435039363199,1.00376188439272
0.963536930862843,1.05872136777135,1.00257306647025
0.985850646325616,1.01614060016239,1.00646273996205
1.05271845440516,0.955188718444677,1.00684456331731
0.881127746392694,1.13839125204457,0.98866580775274
1.07798958014952,0.931851084003749,1.01459656596524
1.04500223395541,0.964547220018793,1.00508319363857
0.998205266491909,1.00597848848109,0.996528420133072
1.00458525625736,0.997229186146785,1.00559674302303
0.984706933380884,1.01677769004755,0.994687221013575
0.983421518004785,1.00357062612857,1.0069477547751
0.967682557838089,1.04553371984447,1.00956590841336
1.05445078477422,0.953364379620749,1.01102243589107
0.939287574849141,1.07962003955588,0.993739983570905
0.999853274455783,1.00239381459666,0.993913558271787
0.907044624220449,1.07322659362141,0.98928096298618
0.931234703966374,1.0639688466179,1.00268492831474
0.943098260334052,1.04597327301396,1.01633206560129
1.05720253274697,0.950835217533278,1.00172640360933
0.989611871262729,1.01237857191776,0.983278927630488
1.03970172815291,0.97130128869428,0.97698026120447
0.970527518527166,1.02987659728273,0.989297059286185
0.966905442615626,1.06557621230031,0.993307876249329
1.08774219500286,0.900730726637643,1.01458364313613
1.05947160779483,0.949593630048886,0.976630275595469
0.934489759023796,1.08121895787843,1.01366674216933
0.975876743354631,1.02031471214229,0.98687820724536
0.926973914939303,1.0914549162253,0.997030527284593
0.985668827737257,1.00686407838928,1.00264502460224
1.03067893988443,0.963435274523801,0.995895684243797
0.999146873855528,0.998899234729945,1.02327006327076
0.893036238975356,1.09369306694322,0.990145952773533
0.905075619243119,1.09410586831068,0.999423941134699
0.97091678344452,1.02547753769514,0.984937836150911
1.00089949786467,0.989720426781356,0.979045424231322
1.05515370025485,0.956103126576353,0.989294635937458
0.997023097442694,0.992849725192152,0.991462222795972
1.03562947391876,0.95841802403576,1.00698816326546
1.02815971001129,0.970725015116153,1.0011944677098
1.00641266922415,0.984534012018613,0.99326313735754
1.08778110273708,0.893474002716197,0.986314089092261
0.997877629352487,1.01923703318305,0.996016803814316
1.01665288903862,1.00078196809771,0.995649510715359
1.01304946676484,0.986440826624367,1.00128827461169
0.919900028146466,1.05064133795259,1.00824579311037
0.976307321528255,1.02815606097139,0.989723465572309
1.0198571709965,0.969452476856554,1.00810205428001
0.997474176199482,0.996782227350123,0.994266365034979
0.979039775016004,1.0160660204871,0.994362002493203
1.03205384329652,0.955911993500408,1.01091748178033
1.04647845008055,0.937134875448272,1.00615249317722
0.997668683785043,1.01077915380885,0.989730498528771
1.03327154919514,0.97739511037388,0.997338273450291
0.92629592186204,1.10149900373564,1.00590537400277
1.03411564272681,0.996712900175322,1.00009085297929
1.07594173530953,0.934153795530039,1.00879242512521
0.938378136903144,1.08844078908995,1.01446096475948
1.05024448416369,0.963052665283479,0.981917396497732
1.03438238280058,0.973467900918204,1.00506264185373
1.0335247154177,0.949463510547869,0.991168109982252
0.964834632312032,1.04204331308334,1.00448215147819
0.997475217957832,1.01588817023067,1.0031259410701
0.943027762171968,1.05607987958176,0.985153709625365
0.953933849862263,1.05078698599938,0.994362620951892
1.07037188559928,0.942196379417172,0.995273930016128
0.927954004814735,1.07237861149078,0.99580045680336
0.972158900709369,1.03584444949057,0.998555773184971
1.0380936360601,0.962918910372483,1.00824119756137
0.978353024344381,1.02676759463358,0.987957753117116
1.11051223770238,0.884357543331679,0.997553812268927
1.05456434355049,0.945041849488777,0.998158401342088
1.03186184391032,0.962850353590663,0.994022865195023
1.00608203069083,1.00810225161427,0.975321825678609
1.0277050526749,0.942259667229744,1.01241559029587
0.918222976058856,1.08285120105821,0.992243019986085
1.02257121237203,0.981828931802816,0.999847749291487
1.03966238055867,0.962462866679059,1.00052753867494
1.01511500749382,0.98635231225914,1.00589281542451
0.935184844008603,1.06225370476705,0.969448913668469
1.05885073019469,0.943518601585256,0.989520250142016
0.946115006605928,1.04300134085201,0.999374757521354
0.989692972499035,1.01843863488962,1.00627062892411
1.03449003013083,0.951404140893477,1.00606677498943
0.966949419880528,1.05599280502112,0.986854051285678
0.975978042168015,1.0245580209521,0.993469969911389
0.956541873835312,1.02080636031085,0.997761854944132
0.946918837297649,1.02924625576183,0.996377708136447
1.01474663478574,0.9962143833451,1.00232592904424
1.02390813666362,0.98841700680624,0.9993303722917
1.02329121897253,0.9808337595227,0.993992742722885
0.899388133467565,1.08762980356452,1.00166871261112
0.977971714016689,1.01921197237253,0.995225477118108
1.06153869077739,0.925471480425785,1.01381543293281
1.00189532606225,1.0027542510524,1.02365892521162
1.05286915157951,0.975379164079311,0.999662059902207
0.901370562318575,1.11912265970923,1.00160645812936
1.01920171364189,0.972645258154361,0.987498175888065
1.04154732540311,0.965078575371952,1.00483918986098
1.01612691156497,0.992057519001612,1.01533360705782
0.98016191730517,1.03879242042223,0.998715551724969
0.997558474687993,0.991207191467845,1.00742015679184
0.938586741551137,1.03423815592895,1.00851763602982
0.969709608551779,1.0246310532061,1.01531435378898
1.04199601974277,0.970032009555734,1.01580019338599
0.983905344023003,1.0105861046604,0.99497606661213
0.962496770354082,1.02448260308591,0.998665983750285
0.956331518654814,1.02574209575136,0.992947077543792
0.986018894641458,1.0134549938183,1.00501428923798
1.06705576617826,0.957114818124815,1.00748939458628
1.01227940267505,0.974229358692464,0.992295175121062
1.07284564376043,0.924709840691841,0.991174914875558
0.958872537049382,1.02990782175691,1.01342266613438
1.02251900015409,0.950401325269637,0.99029891848073
0.992753631085792,1.00272508169102,0.989914807894543
0.91349174830739,1.1002538127947,0.998360075454597
1.00181883931023,1.02562860960347,0.984033254120183
1.02707055706878,0.972435407100074,1.00433149237101
0.957997825144928,1.06364684379111,1.01359155373557
0.992153917276955,1.01199056943209,0.990257078706485
1.0115764006642,1.01038466492874,0.996571740531511
1.00334999934897,0.99460427881349,1.00811930399865
0.934162505269135,1.04355501611206,1.00689262204767
1.06981982339837,0.92242742849092,1.01203761842496
1.05745263004485,0.959984208059657,1.00502917143849
1.03132314609029,0.966207569685456,1.0045813964157
1.13331667735492,0.875269769015249,1.00822124495301
1.01070366521454,0.996453326896005,1.00212748897433
1.02291715146074,0.978435829256448,1.00428160244333
1.05063988021705,0.94862609871021,0.993741283161218
0.989596830703915,1.03831948219948,0.995762389006731
0.99134996883885,1.01060980764517,0.997717282021892
1.00405508290515,0.970175284079982,1.00447839842633
0.949923076123778,1.04583444454815,1.00618894703056
1.02403166573094,0.987726175569458,1.00150573160801
1.03329325270084,0.979690169458974,1.01615005987656
1.01048608684379,0.993737032888411,1.00290201627464
1.03708119556422,0.955919537138068,1.00616074271751
1.04294950506698,0.960423232348537,1.01232093238878
1.01645197563872,0.978172908501999,1.0066992211067
0.99429806074699,0.959294228750882,0.986486764499696
0.865719164115645,1.12770729364754,1.0073160588333
1.00311917044411,0.993196626907022,0.995171378235589
0.962857789033107,0.999893017854986,0.991194721026141
1.05152620215181,0.958162574017898,0.995629428214536
0.978972751504487,1.0241723744657,0.984896277862475
1.03794352917251,0.945267637521364,0.982947720407371
0.965625788776728,1.02263301455936,1.00610103019788
1.04200776138456,0.977352515607199,1.00176617953673
1.05488728714352,0.952517566264842,1.00090558276743
0.996212487656012,0.993665313869834,0.977252534325196
1.00821471245581,1.01572986316608,0.994456518019118
1.11415329822979,0.884867968021581,0.996308530553976
1.03679359895303,0.948662282384862,1.00030090876803
1.06762474089824,0.909185691196796,1.00257550018745
0.979793466754179,1.02800705969667,0.99901066848324
0.897507477558831,1.09741373832071,1.01457155319866
1.00528948517174,1.0060584122238,1.01038365306497
1.01755250462909,0.980525284434416,1.00610494543377
1.06299757281087,0.94546719964254,1.00181217424461
0.997980741818248,1.03619573767116,0.990930265959978
1.02168207216806,0.968269641420191,1.00874183484796
1.11108802193743,0.891207505214943,1.00430195209846
0.89333989739939,1.12238599483272,1.00181305215284
0.988542347996437,1.02799261828993,0.999851414685031
1.04726849525947,0.958566612421709,1.00967562646252
1.0242973351769,0.9732269491035,1.00833476351696
0.989112112114415,1.00799888422776,1.00253164210224
0.955045670517841,1.03841683109655,1.01143401115348
0.999580547564988,1.01550242633445,0.993661668016038
1.02814014921168,0.973648646761229,0.997143685627138
0.951816278419443,1.03830332190725,0.9975780589629
0.996162179413548,0.971927971674651,1.00017356622732
0.996110054458899,1.02062514612056,0.996708247485228
0.975235316232642,1.00683216991773,0.977932012573285
1.06173300485793,0.93739656734058,1.00216041292846
1.01065420459559,0.99501375748283,1.015212663176
0.96747825234506,1.02993733384978,1.0134075165966
0.996764379621689,1.01479448336623,0.99427768901017
1.05320826688333,0.935256132486705,1.0251045098915
0.97695134458258,1.02851491160074,0.994114390307483
1.03858378908336,0.971451116506374,1.00198699262566
1.00538911900145,0.994166680246222,0.994798881130837
0.902030742318668,1.07006516209605,1.01062581080868
0.982842793706718,1.00707944491146,1.00556545328496
0.994333327405542,0.994574905527329,1.00650121394255
0.953284034633363,1.03648882045051,0.997609161524704
0.987709813069534,1.00956832126047,1.01578107006572
0.886093132595767,1.108716766028,0.993203580050548
1.00066979432598,0.995522570805799,1.01257128812992
0.998904479496065,0.995747751878883,0.984140529466553
1.02806294148084,0.967019112486324,0.99567377938432
1.00431675378929,0.993182826502913,0.990407463778866
1.05747904804365,0.945417271652944,1.00594094253351
0.996783776365338,0.980910151468896,1.01616965345481
0.985547312078115,1.0064800713164,0.996031415350184
0.952989881747524,1.03393389190754,1.00014637522003
1.10153628757759,0.896251637486941,1.02579294076892
1.00344179839154,0.983135036223921,1.00349362367116
0.976597128992916,1.01726900970702,1.01134814826169
1.01415682639214,0.981346073452299,0.976669530578562
0.999210135677852,0.989249323902648,1.00276520724276
1.02087168037505,0.980556345052845,0.998924352123923
1.01492246135703,0.980498375772117,0.99489447826492
1.04099122155135,0.954904321627566,0.997227077699938
1.13520506165363,0.871648217809107,1.00416571032166
1.03854971584142,0.975148726035658,1.01243089870503
0.993998256952038,1.02291213674745,0.998474725819493
0.982478630748164,1.04067660360227,1.01522981547129
0.961766565022671,1.01288781655129,0.997130409006704
0.960980350615538,1.02932504222967,1.01294269330092
1.06078690462754,0.924546133228201,0.997591480147049
1.07060880418948,0.912506102809163,1.00713193466381
1.00913565963946,0.988269527763414,1.00111698017388
1.05254195026529,0.967816925806334,0.998565490640637
1.01972919004675,0.979866642894849,1.00037359486931
1.00034826398668,1.01100622337897,0.987219850537924
0.917688294260765,1.07654642046018,1.00308247284413
1.03124734388023,0.976255650007104,1.00700172715836
0.911695799176491,1.09589290133493,0.997420918571275
1.07309275038136,0.941436243641502,0.994559762520134
1.03940318944608,0.970940316099288,0.994391049636792
0.986774785167549,1.00832766247319,0.998954546308398
1.0538151417332,0.921517198861437,1.00101555277589
0.995580320556881,0.989286059814785,0.995622412015351
1.00174374611333,1.00799936920874,1.00447538767799
0.988682126393533,1.02390389619308,1.01191559872116
1.02667873995462,0.94626276434695,1.00939124471814
1.02303282234963,0.961726302089671,1.01433245230877
0.997600881711557,0.993494304456639,1.00994786124113
1.09158465949493,0.923428168226688,1.00336988397321
0.985731388220573,1.02130574215665,0.995950775481549
0.966137903403938,1.02097796132281,0.98761151167991
0.978974027165497,0.998898403212247,1.00134552025781
0.98608854027936,1.01946558587967,0.992558110889699
1.00445750175328,0.999293812666348,1.00714385422581
1.003155623093,0.98943169085581,1.0117253526657
1.05442712332117,0.914787748465151,1.00046079808109
0.941821185142561,1.02612688325805,1.00407213749139
1.04000103750498,0.966279020141425,1.01351077270877
0.97556083789805,0.999153474685365,0.999904796610142
1.04664332260934,0.948350474716696,1.02083659773918
1.01445936550284,1.00388497202509,1.00679874934335
1.03314502087868,0.978110152400985,1.00334042330108
1.0015007628708,0.997497059473852,1.00180484877477
1.05296313787613,0.957929969731745,0.990173204738161
1.02675772097252,0.969671479302958,1.00574684498701
0.947182947463328,1.04479691680006,1.00707357079866
0.976754669004145,1.02103769237288,0.992276545229237
0.982540583363251,1.01760158204211,1.02036624155813
0.955315112365562,1.0189174420757,0.996391826199755
1.02199818862814,0.986790193077803,1.00344294877917
1.00868116749436,0.977443655964789,1.00630929261367
1.04872169739161,0.961754161384946,0.995419682801423
1.03331599544748,0.959544246892344,0.985697871020605
0.953420300543722,1.04635601397084,0.999988285882549
1.09699821095726,0.888928585258855,0.997978444910964
0.981036161804361,1.04400598101272,1.00005777914216
1.10009910173649,0.890433884977223,1.00149192719139
0.967380130586705,1.03370745171514,0.995197819725794
1.02430711367444,0.994581437517739,1.00658849325124
1.03358080368145,0.960443815983475,1.01729907193137
1.07756088613192,0.907260524043652,0.997714779777865
1.01388082120603,0.996939345550618,1.0128745001015
0.910435126583806,1.09751115316727,0.978350723283577
0.895976384176256,1.08981006076655,1.00802915627502
0.955280848079704,1.03264637711022,0.99992659724532
1.00883993343657,1.00694027772888,1.01020331551156
1.01294632055526,0.958302113454667,1.01243948998514
0.936927737617945,1.07597076896153,0.992198456884954
1.00690393500637,1.00586232933875,1.02552276590706
0.980700440854801,1.02562711513914,1.0010000831105
1.00298427543367,1.01257377217315,0.990933240966837
1.01576352076933,0.983996466964453,1.00898961580762
1.02421630042135,0.978753601974265,1.00170925764724
0.997829165192276,0.994085524062908,1.00879193078457
1.0385982915259,0.970427467069823,0.999195490741293
0.973771279195812,1.01091067404418,1.00475821954722
1.00334490869164,0.995424587710145,1.02356036602939
1.07260558113621,0.937472796053649,0.995187523683724
1.0191253937454,0.960002264034179,0.998832950436332
1.00549109237832,0.981910164080905,1.01569867847862
1.04777237410606,0.945195002357355,1.00616230402423
0.892465465974179,1.07544801937322,0.995149916445565
1.00427428290066,0.989228911036109,1.01863761109682
1.00996012207508,0.980054178553896,1.00575268629787
0.928237357622815,1.06220821862138,0.987864900353642
0.945525406767923,1.05685370778433,1.00957528769832
0.992087112857227,0.997608063408556,0.99162388900461
0.954606782058943,1.04470733692489,0.994684795462379
1.02064968798211,0.988281168867568,1.00440650365693
1.00541419895415,0.99506062419243,1.00193756497791
0.983886839616231,1.03544329066708,1.00726815807409
1.00280528770628,0.979073407815046,1.00019438200015
1.02409112406633,0.980650372595411,0.996359795463034
1.04808397299847,0.973062276547448,1.00165583409881
1.00963675360063,0.982483534744983,0.994943864203594
0.988803494907338,0.991414457155717,1.00816459080494
0.970334536222142,1.00134376853851,1.00699332224505
0.989914759253115,1.02581803795229,0.994120536570531
1.00991410079173,0.983160933992208,1.0022981626114
0.967109187587647,1.02680353348862,1.01227132140292
1.1061998135361,0.863322498709991,0.989696002781617
0.953037900703455,1.07088063468941,1.01800160701648
0.993297395419233,1.01621862729254,0.999755975512482
0.935797713224435,1.05783629720723,0.9965045990631
1.00931309927089,1.0107360504896,0.999928579035923
0.981702433501646,1.01681053617641,1.01818764956357
0.933925669919329,1.02994053126654,0.996438705961887
0.967633422000873,1.04175868845162,1.01579625956702
1.00211030085596,1.01339260185906,1.0022003366528
0.986845550329683,0.997901611120125,1.00403763172435
1.03025316905761,0.964665941616314,1.01016516621326
0.956196565313308,1.03043821302766,1.0273877030963
0.964066467996904,1.04080311242549,1.01858564349394
0.885196127641373,1.11758142581945,0.984642257957522
0.86743905463181,1.10611743823431,1.00069428713126
1.03772369335941,0.963844153232183,1.00791482591566
1.05292902081425,0.938750958401769,1.00778731390116
1.04959031894797,0.933284581499337,0.992667683579805
1.02901936899711,0.965082163098328,1.02434844396048
1.07294205646796,0.924809871023502,1.00787551838678
0.957836532766159,1.04965719470174,1.0024113801671
0.964607683216794,1.03928264912047,1.00457187226781
0.954410763610396,1.05399712616473,0.987649254120409
0.870288779781878,1.12516808241495,1.00709607686254
1.00334368553935,0.981654290141662,1.02023040209486
1.10286287203632,0.904433289373405,1.01225703463449
1.00708565094385,0.97698381129952,0.986046513221828
0.977110120476862,1.00827691046386,1.00357548823872
1.04920060604504,0.932138760920453,0.993654977564053
1.05909182385027,0.930205786125035,0.996506470886275
1.03930604525883,0.958020509983646,1.0111754544099
0.945360951356461,1.03048893823625,1.00969407038816
0.986479787422099,1.02365007835422,1.02001024626917
1.02531194220739,0.975151895566106,0.993265102440271
0.858689953894393,1.13787089502743,0.983444888297356
1.0197077222803,0.973166232589599,0.98880889765874
1.05138564403421,0.94098508358631,1.00329703111716
0.919117474668075,1.07285685745255,0.993716503275929
1.04181861248711,0.931544500121299,1.02466887708656
1.04205440896627,0.970457613568439,0.989187931048589
1.05647910922067,0.927082953249104,1.00346037939004
0.914726068995726,1.07508771539618,1.00925530143262
0.952226118215176,1.04360795388655,1.01194888190307
0.968143247746641,1.03079042138004,0.989329788733704
0.999294371025245,1.01643568677405,1.00270782008813
1.02586640869125,0.981420334627539,1.01423352923472
0.965890405940786,1.05019875795312,1.02387454053663
0.960103540821744,1.03378674787517,0.996567382542449
0.894836092301188,1.10112612485264,1.00615482057629
0.942815797889455,1.04888525064057,0.993615847011654
0.92743601264057,1.06281123356123,1.00786646995412
0.909947886700733,1.0723037747217,1.00480433533786
0.990159023575936,1.00478773215778,1.01171299250324
0.983326053454574,1.01591534006258,0.998085140907966
0.945073029337204,1.060193300713,0.992967967888888
1.04049129118114,0.954662267316273,1.00279891838833
1.02094716387187,1.00716089756232,1.01049468118334
1.0515596349946,0.935399078976477,0.999154437082437
0.966942691092525,1.02740583520169,1.00016920512055
1.00324715381996,1.00736285111224,0.988678138262402
0.981343291414682,1.00401220224691,1.0013941328138
0.988859436914027,0.999113814646183,1.00922156439887
0.939127549921062,1.06677272664626,1.01015555950579
1.03933313150092,0.95095897896275,0.990242618525388
1.08048483419509,0.95135883039918,1.00214270113518
1.13691330285755,0.823373796998496,0.988369064182799
0.97573168715557,1.02119140999308,0.988257177392412
0.950395202720251,1.06984508215375,0.986536908185731
1.07320337356025,0.940517246568084,1.00821869111788
1.03876924656351,0.951150520235343,0.995527056852811
0.939623136911892,1.0488851453336,1.00573852522894
1.03141693772578,0.954679016492492,0.987669083208744
1.02237482017745,0.967348526121404,0.990232395166874
1.06758046279327,0.925230573644486,0.990357267887048
0.984607951035811,1.02617974368329,1.00855016500029
1.04031682108115,0.947957990834088,1.00505422455503
0.993760363327883,1.02122749317517,1.00175618705682
1.01147871186155,0.996388578930607,1.00774543594283
0.955473875642937,1.03086489250051,1.00089760225112
1.00767619596001,0.976989943994487,1.01019630273443
0.97964019419416,1.03067492428835,0.989588545122554
1.06867576959522,0.924730072415718,0.988892595048791
1.0107026506697,0.99782788882314,1.00815803940347
1.10084032857365,0.922319595881359,1.00247429588144
0.958033231961763,1.03541912020502,1.00462986636271
0.99508235875709,1.00896079426895,1.00602661599177
0.978882580183615,1.00353860923726,1.01306722667352
1.01231601040095,0.985813020043255,0.999375046713576
1.03651409364559,0.953899300004322,1.01240738147041
0.903747102075137,1.11117550176838,1.00799010629556
0.949547591445644,1.05537096711721,0.995979607136068
0.958456643508678,1.05462052734435,1.00605535358535
1.00274346540128,0.997549907779876,0.980078268632669
0.926515292882105,1.05400922793246,0.980034982417269
0.974831989243035,1.04580930537734,1.01121317849712
0.918789562076657,1.08358135518629,0.991777828185609
1.00254614887993,1.02137683206887,0.985619769092415
0.993222314699808,1.01281796371817,1.00998951949026
0.951858866838938,1.03441158835651,1.01981717736216
1.02243513498639,0.97840519353698,1.00510860447166
1.00303026610708,0.97933500809684,0.998325687351896
1.042105293043,0.971789120682238,1.00694015415159
1.08960627755609,0.901589245214608,0.996457364115386
0.94824643092169,1.04361411855268,0.98257654956798
0.924197815824862,1.06127125370862,0.993622102024183
1.04848807236928,0.942548048123171,0.996488737385208
1.01915123952652,0.979977760596279,1.01068332195551
1.08983785077146,0.890862846473985,1.00146487203494
1.04219726452447,0.951516674992816,1.0094678507126
0.868074609678843,1.13098814793415,0.998491763474734
1.00860842785518,0.981541925442311,1.00773365828719
1.05511442956446,0.927451608845516,0.990739326483384
1.01119323865767,0.996942304042634,1.01147918490704
0.959971850662577,1.05383770232552,1.00874274643732
1.06974502941646,0.9587969230981,1.00264974918672
1.04896922200437,0.929316596786695,1.01666209103405
0.943576029815788,1.06348955980482,0.993830757674532
0.986235574369976,1.00151356684196,0.987725480264403
0.984230401521761,1.00133623120695,0.997389772241645
1.02132165599294,0.967176528630597,0.995691504300647
1.00256605183799,0.993979324476521,0.994689403883435
1.03229101460639,0.934857924826307,0.990565422173343
0.990692006427672,0.998064253564784,1.0122312883017
1.05825985960886,0.935487250421138,1.00736891467432
0.99866327108813,0.996677948110498,1.00306309090072
1.05224670893309,0.933299922613593,1.00264376612848
0.953235157590915,1.06247865176976,1.00586068567366
0.942835061270502,1.06609299743786,0.998380886493789
0.961389524340018,1.03234028634498,1.01302893840959
1.0663363394369,0.94214330054934,0.985681894024898
1.0336096459903,0.939748114626491,1.00350556278033
0.975377453259839,1.01025949131881,1.0092706825386
1.00686467334652,1.02458047200896,1.00617730011328
1.11753202161671,0.870025256396294,0.987141492613503
1.00847981538098,1.00445317471701,1.00266725275068
0.955806672188714,1.04219359306527,0.992341326665374
0.957331700022939,1.05430077521049,0.98698937215591
1.05885439461547,0.940361614754558,0.998260762366082
0.975608244539212,1.04008743499044,0.988597706537814
1.03737537019485,0.97950327058922,1.00333189356148
0.997604951871697,0.998165053371033,1.02376803621724
0.94475717042072,1.04753263866612,0.998237253464594
1.03277190217707,0.974483240450498,0.98789860905416
1.08181100113028,0.923502385498039,1.01149447989581
0.941325461155252,1.06139073656474,1.00064250022844
0.96774421744479,1.03855979658433,1.00819986595753
0.978303985096785,1.00611676325082,1.0027971418734
0.995350741604579,1.01535845434154,1.00001207136301
1.03639499698952,0.953461768737809,1.01797074801894
1.03512539579524,0.955676009026204,0.987503144625495
1.03097698587907,0.9822452225039,1.00898240740592
1.03848197763642,0.959282141964276,1.01641244895143
0.896333766483585,1.12604944820939,0.995046822082508
1.04304619828725,0.96250056441697,0.978871768083702
0.996330954717186,1.0059742404625,1.00241314364783
0.99421986599414,0.993117492588933,0.99292229081603
1.01482188649563,1.00805586173087,1.00221509109071
0.965340880282414,1.04102060640343,1.00402416120178
1.01737798487388,0.988004575235794,1.02259217731368
0.983666137192466,1.00784755700954,1.00054313105259
1.03403818836266,0.956029879532215,0.999262047619981
1.03230210428462,0.995771333135972,0.996919853510556
0.99927766976677,0.989169175871085,0.991574502851151
1.01388757421524,1.00478620899879,1.00902224620117
1.02997870484144,0.9884118124649,1.01019559064316
1.08317532381235,0.939137406310009,1.00051555524308
0.969963152306952,1.02426254559247,0.988971909823643
0.977934312855826,1.03949838306359,1.01408102722346
0.980080309359609,1.01427572367421,0.995126983815645
0.990972938056975,0.997584476612216,1.00477659469546
1.00938978069039,0.969757529342332,0.994935088288091
1.00652013112035,1.01223145184328,0.988083797748897
0.9875728116692,1.01502580432539,1.00652794588015
0.995519961766388,1.00090029438825,1.00843066100973
1.01062147801418,1.0041416646798,0.984236633165972
0.993296758032212,1.01121806627743,1.00470531066056
0.953943082866352,1.05243722748896,0.998337150126174
1.01319599878015,0.99068698202971,0.992733701220256
0.859471009992124,1.14671435491674,0.990723502294116
0.95761403610193,1.01556420573608,0.995875543879591
0.988968008614132,0.999051688969418,0.999871512826548
1.01397253536269,0.98273522123345,1.01823963820888
0.961979494514932,1.03390216241877,1.00260181306028
1.00582455839417,0.999760954451797,0.979824220114339
1.02442113767144,0.966181714745431,1.00178941899582
1.03666794646565,0.953835238596965,1.0119947232475
1.02118979442045,0.964211759479393,0.989242328418766
0.949924898573767,1.06104337265536,0.981920639536455
1.04253187458102,0.977807884356826,1.00862375734065
1.05347982108293,0.924089117110919,1.0064741245373
1.05385665369624,0.95436104885236,0.997396202135264
0.981292904206973,1.00257315334747,0.982431011475712
0.985490406404117,1.00738967455609,1.00447033588084
0.939769764360104,1.0483780626515,0.993172590447809
0.996293997112992,1.00847169482619,0.995524041724335
0.962784239304196,1.03129935575858,0.978208156341829
0.944241095860563,1.04730866643902,1.01101416605682
1.02834917476233,0.955405849291556,1.00962427635301
0.98235427765545,1.01728845728229,0.989927312050627
1.02855984299114,1.00175022195467,1.00447186114334
1.06660583774784,0.922796627826562,0.985042352575803
0.894574919878502,1.10916293332685,0.984771497622283
0.99899995878012,1.00718945871209,1.01181931432494
0.976094222931096,1.02483194114152,0.976306223139525
1.04724966733325,0.926663303030845,1.00258045629175
1.01239678979005,1.00187337958203,0.982737789896238
0.994513619111987,1.01149514213891,1.00118024681523
1.03430079113362,0.974316064226975,0.987661084742033
1.04516851696748,0.964074291320213,0.99215711245768
1.06179215157263,0.927109583716678,1.00277832350607
0.960079490848033,1.04623684350251,1.00251324242963
0.928250700092844,1.04052876498192,1.00734770242877
1.00239168827212,1.00267862208492,1.00551340796615
0.939500819335508,1.06277299995006,1.00214144137266
1.06322936513757,0.933048607699841,1.0121789182976
1.04750902929351,0.950133853657621,1.00373861238688
0.973847669274734,1.00857856002277,1.00774859678118
0.995193605019079,1.03191822236483,1.01057290664758
0.912215207541081,1.07350461051879,1.00634342878498
0.965582553847,1.03150093327826,0.991677851006692
1.05485763869031,0.943325655598568,1.00101442011285
1.07234308300615,0.910651934498695,1.00075600811709
1.02030229630244,0.979177472775351,0.997516416543007
1.01268372311677,0.991681977581275,0.99940594008382
1.03228097443889,0.966651029798572,0.981720546527582
0.949681190168251,1.0719133367333,0.990535132751744
1.07311814380476,0.947869499893179,0.9915444641585
1.08422619033136,0.931755351328506,0.99390251147423
1.03264170756657,0.944142160258959,1.00993560055726
0.968147753248,1.01895333459067,1.00241581829852
0.991610499330242,0.989288131474219,1.00628881344872
1.084104888197,0.935346196868591,1.01279385101828
1.01412967333622,0.958579042236193,0.993638354048189
1.03736387066789,0.955206586339724,1.0033485895525
0.92547433633089,1.0535258780522,0.991090235085585
0.999217189489218,1.01109670064718,0.980535327702539
0.947977898740025,1.04375756099882,0.999711499638134
1.00118481296596,0.98906766136971,1.00626319854451
0.99341672257013,1.01549937010416,0.984789081724972
1.04646223019925,0.961598358988831,0.991527108147125
1.05643762062014,0.96024462462306,1.00106059315567
1.03133324732488,0.965038909481489,1.00429817954164
1.02123679777921,0.999175181451898,1.00733089836382
0.977215450723355,1.0211073127239,1.01801167278968
1.00387480660164,1.01044470003336,1.00142593464008
0.905323404089323,1.09241353134025,0.990862753537065
0.996130575507123,1.01532805544507,0.986834681620737
1.04250899084843,0.927171278541777,1.00477378992202
1.00100146388472,0.986569789440139,0.987524688480928
1.12279424291942,0.891323134246006,1.00329045152407
1.00894806982164,0.99799029736243,0.986392736720669
0.947959380192426,1.02940645499033,0.994817315784043
1.03661309576177,0.993017516856757,1.00045780987938
1.04217151541677,0.948973611065784,1.00592040427361
1.01254375406042,1.00763933330455,1.00909336015367
1.00726792657311,0.988568559413612,0.99875265277386
0.942176451399315,1.03931133356538,1.00087951382062
0.94452159788029,1.04457372089024,0.993765203667312
1.09878184564273,0.900311022154384,0.992075999363772
1.05585353621392,0.944862099744313,0.997335280562352
1.03066194096372,0.988631940619313,1.00931701559963
0.896556026058006,1.09643179250261,1.01096809412414
0.999104190891852,1.00934289485435,1.00633563302719
0.961816873857508,1.029853720629,0.998932933524904
1.04281659346722,0.938076412067275,0.991213092930919
1.01786258319357,0.99851204568032,1.00032459471675
1.0968712717011,0.903157627186536,1.00610903088369
1.02023619233276,0.993493141614145,0.986847245504277
1.03266817633908,0.950253750131111,0.988176723805632
0.872770683363578,1.12934623519939,0.993882860189177
1.02618327536273,0.981491309083941,1.01059984589776
0.987041614144747,1.00859693763511,0.996406079581623
0.909207145299389,1.09217438726908,1.00442508141809
0.956070230457494,1.02951672819578,1.00114722515639
0.986315805484777,1.01684274603739,0.996200215980716
0.952083391554392,1.03900999042611,0.990674306767953
0.995248541984419,0.98424328659502,1.0094870360825
0.993375106567133,1.01095192287246,0.99369702223474
1.01047556787376,0.986162452357549,1.00439644454557
0.993368084788766,1.01088633575899,0.995352341763162
0.934946855026877,1.05140243844839,0.979369710643802
0.893381003252197,1.09532782028296,0.980349753617467
0.999671316551383,1.00719953182362,1.0068907329784
1.00096989644619,1.01022014727963,1.01136269386499
1.00590100202074,1.00718230340315,1.00017344691691
1.02808456864722,0.951398666348943,0.986427718702975
0.932313543245159,1.08690819710829,1.0071266656455
0.963922175550925,1.00438016016648,0.996334201595953
0.953338001984399,1.05094936817496,0.977967050684896
0.955169381672916,0.99693723990894,0.992951725752157
0.940174478503126,1.03180170262513,1.00167632838355
1.10660764694901,0.88773827652378,1.00056361220006
0.926508295105873,1.08465956706418,1.00298021341291
1.01359493541707,1.00889347380831,0.981452284228051
1.00930400588305,0.997719799795716,0.98766922981985
0.959375430526787,1.05208346998167,0.998759156276852
1.02508803601736,0.977872883446875,0.996972792793309
1.03528801065844,0.940848180946944,0.991133629529081
1.03928469834582,0.963375605312516,0.998938813410562
0.981184467317501,1.01399478532349,1.01168750760991
1.11759041869426,0.869148764436794,0.983801181280509
1.0345218581659,0.93951350334708,0.998939868784095
1.03311498889858,0.956979796533208,0.995550377425926
0.921192187875571,1.05798968578476,1.00617167407177
0.962963039618283,1.07184576646169,1.00385908366775
0.983503928873776,0.999328958351284,1.00217385764165
0.987311565607746,1.01794127834319,0.996018489452348
0.986569898261027,1.00099962390908,0.992220093135407
1.02230094168798,0.957929825930476,0.998630377639549
1.02092714110835,0.986369700571477,0.9991030521623
0.943787853865158,1.05187881741113,1.01064374881695
1.00775750472683,0.993641889050198,1.00665774508007
0.89513813466801,1.09003119936002,1.00842909894536
1.01869890225673,0.977915191533357,0.996668341836322
0.951795080903139,1.07212404426738,1.00171875265771
0.970193597940737,1.03388846538368,1.00834493487272
0.970937613810677,1.01236863792552,1.0048892033421
0.992268851104503,1.00181346229435,0.999677659428767
1.02180801294778,0.981349784462741,1.01530690517242
1.00952574653365,0.992871438941471,0.995913226337295
0.986468142790365,1.00469601141737,0.996187349777535
0.896850057161822,1.10905973927099,0.99590231050927
1.06227814230191,0.96749503510093,0.99664282922298
0.961923881802127,1.03038963935307,0.998774586375241
0.990561243189232,1.01679176740291,1.0030041096336
1.0519542600376,0.956727114019183,0.993220590125503
1.02903592386382,0.969928461417864,1.00714436271302
0.89813465842163,1.07521143914262,0.995775667670876
0.999061409800894,1.0012929485025,0.997681184961276
0.962642161780401,1.03931549542542,0.977113905744015
1.03084220784149,0.939038824105822,0.998279900823399
0.974169545274684,1.02383025861333,1.00301305930886
0.977876119972136,1.02407280049193,1.00431839829049
1.00347597513185,0.980619609907878,0.99953510732147
1.06025217806251,0.927909682534415,0.982055358685326
0.850170032314874,1.14005691832386,1.00666931067731
1.02048431731353,1.00609102090818,1.00019386084535
1.00385655306852,1.00267761913061,1.01943549971414
0.976014492577213,1.04004701294269,1.01172717679769
0.939861200872535,1.04814221516461,0.999162393334667
0.908745060060606,1.11375290494144,0.979787433676301
0.946667580956471,1.06166311715291,0.999276677174068
1.04058513145092,0.97187225637922,1.00126185214813
0.969881263760689,1.02020537151999,0.994573279415983
1.04483789685705,0.931110086089231,0.988946104953494
0.99203824559456,0.993783219759325,1.00282169532417
0.933511235558772,1.06589619168876,0.990171520412539
1.02242636511681,0.988146866876446,1.00897517779404
0.974767734118461,1.01973798261577,0.998450816163285
0.993062133743962,0.99151500283902,0.999873538189404
1.06684511467431,0.945497499872503,0.993316755113001
1.11301510261628,0.88939193298143,0.989873513663438
0.996067863736924,1.00615973933256,0.98152082357614
1.00649680466431,1.01252372849796,0.98987451557219
0.91114195831908,1.05526349161466,1.00116541877221
0.999024929075314,1.01393304816482,1.00754887743312
0.938017177118167,1.06690726762794,0.981080060500016
0.986073488314045,0.991529262853466,1.0017297430859
0.959415335399888,1.0687797864295,0.985176062147171
1.07607050362551,0.92132798271986,0.993857380491286
1.01297420045304,0.972597050594396,1.02065032192195
0.970594676059161,1.04110256700787,0.981820189717177
0.892688060889547,1.10330642287473,0.999838029755572
0.974988615831543,1.01903716257672,0.998290948766973
0.968154282206718,1.03214387436819,1.00785421392067
0.980964245654417,1.00784651473588,1.0072483839756
0.994716041216348,1.00942195502092,0.988275413726658
0.844768949859575,1.15036557032563,0.998528780178384
0.976021016851271,1.03331197791462,0.976702320763331
0.956662075328704,1.03590084605595,0.98929030853766
0.936692471485666,1.0564017603871,0.994208771789965
0.94087035646356,1.04523290464415,1.01054278113249
0.969491920763093,1.03914429982011,1.03189275159891
0.970310939457444,1.00229859810185,0.998285984903128
1.00618370680194,0.984704018166318,0.982957707704906
1.03730555044333,0.970803630696997,1.01005655738167
0.97107329189929,1.05824016853565,1.00275030320959
1.04657047467581,0.959370516891336,1.00630421608272
1.08595943139784,0.909763465288276,1.00344526317828
0.9848533874204,1.00697985533384,1.00339473041988
1.00520740092315,0.975847139949547,0.999882617123458
0.99069701902406,1.00876221370979,0.991854392416643
1.03226532947772,0.994687843229567,1.01856366582914
1.06016617009557,0.910858195659854,1.00073332358452
1.07054207846555,0.949210590649494,0.98891315982745
0.946325886970714,1.04565772948136,0.995318737905991
1.0117928426227,1.00396251132269,1.00351391693404
0.998669723323806,1.00441215423072,0.99078758058675
1.06984260697789,0.937061922570355,0.984935832698323
0.915072268273184,1.09525309565685,0.991472567972614
0.938118418271867,1.051818411794,0.995705668817067
1.06268408867935,0.951912967519227,1.0077091859627
0.937689616125016,1.07365395156624,0.993775674157881
1.03505201833186,0.960421805038208,0.994049840833615
0.975824202748299,1.02086209688841,1.01248612661182
0.990316023761974,1.00485993629868,1.03166625020223
0.977664849873218,1.0002968857272,1.01164278014945
0.998952642098869,1.02099257373245,1.01301229884784
1.01019121053323,0.977863875229103,0.996748828955296
1.0578509113424,0.931569374834375,0.980462463049347
1.0002428143262,1.00670507412812,0.984214830940853
0.983610668835736,1.01827495791425,1.0008506842471
1.10890461611251,0.893953891522623,0.983721752700407
0.9953355169643,0.986880379583112,0.997562750440205
1.01349066233444,0.988793277818985,0.996020876777032
1.11095261612518,0.890367434716157,0.999457299992841
1.01575853328981,0.971865916225722,1.00973974694493
0.97199845022253,1.02526582528382,0.985810211916656
0.920948346369635,1.06797043503899,1.00246805066801
1.08590109845837,0.945395449915487,1.00262516215192
0.938005610543932,1.0778826009506,1.00881630345157
0.974231055609828,1.03414209748108,0.982528385235425
0.945846650342928,1.07586397192972,1.01234803723282
0.980487332838772,1.00899070258282,1.00452297473353
0.964075330551221,1.03063639825426,1.00190558950131
0.92114137614518,1.08231900968483,0.999604522008184
0.978146392381917,1.03286715348568,1.01152628325168
0.998728741343881,0.998139009599438,0.998931990346372
1.00150202441442,1.0131251193909,0.991290865493597
0.979392308603378,1.02462214471048,0.998818198620975
0.990342202612054,1.03178515887095,0.999284126592409
0.945353250720549,1.03434566713968,0.999127618949325
1.03788284469107,0.941536040642377,1.01570840849497
0.958526154473509,1.01700075364516,0.995652857679558
0.922473459079489,1.06265846811928,1.00545597033721
1.05674941610316,0.966586016303458,1.01474224504823
0.937370883298582,1.0692292696544,0.992842799727737
0.918949971264764,1.06053625070283,1.00393770423246
1.09524460697864,0.914315311005223,1.00902941112752
1.0180233353303,0.978819437274852,0.978593376218441
0.980120333243269,1.0003993437137,0.988526135476914
1.04953978031865,0.962104752390468,0.969078266975131
1.00169780323425,1.01059999480811,1.00308560992541
1.00065058850522,1.02665361985639,1.01649077596672
0.89919980523644,1.14518176163931,1.00116387269498
0.954708796239162,1.03114965372783,1.00069354408292
0.997017622576789,0.989676118969111,0.993534317681695
1.07351637453383,0.929267296527532,1.00867206842359
1.04519920147359,0.963302946545418,0.998364431945659
1.00751477806501,1.004320155428,1.01676759831119
0.946606768979276,1.05595660991452,1.00993090612511
0.893590403746779,1.11073019267277,1.00165537305435
0.980313592914585,1.01440376704837,1.01475297327416
0.935744016410944,1.07329581236829,0.981033231998367
0.964828808702205,1.02265814183951,0.99866732123986
0.960053050805962,1.06020582862795,1.00819552797661
0.984817065859543,1.02783026353482,0.999014889529141
1.08438923802663,0.924250868354664,0.990245227918823
0.915008143796365,1.05477466479333,0.99309187493914
1.01514321134315,0.993642070001364,1.00390743031855
1.03159638714745,0.966544053985218,1.00593512266666
1.00733768895913,1.00170348435008,1.01365617487563
0.975873499516212,1.03380733937392,1.00412005717566
1.00942056827573,1.00527843832051,1.02037332229435
0.91231869640635,1.0682980780137,1.00206971357829
1.0580506892774,0.92914348167443,1.0077634443975
0.991342948914761,1.00628817702161,0.992507110608267
1.02838256173877,0.935372875984376,1.01344063349452
0.992919983450768,1.01464271959526,0.996199266859369
1.07243673641743,0.918353445148985,0.972570484428622
1.06557306696734,0.930927092650273,0.995530795419336
0.973139241892556,1.02613722667372,1.0111514342354
0.90324277768324,1.08834939680598,1.00894426601629
1.07864141089139,0.934081857120433,1.00003350834139
1.05992472191952,0.950952622983177,0.980025462226758
0.941089087640193,1.05827051135074,1.00735621408283
1.0005671384539,0.999122453506297,0.991085489114427
0.942544691562692,1.07989298814856,0.996128520988024
0.919481508758846,1.07866469175485,0.999118317362828
1.02812016861342,0.964418358875248,1.00203941039565
1.01765596221801,1.0054691833163,1.00856607103181
1.00933549826483,0.996317324013859,1.00772474618272
0.948878525754585,1.03215039498134,0.991252355107216
1.05397194238417,0.936816931083022,0.989147289263816
0.91905253015707,1.07087955020765,1.00623570677309
0.921405549043727,1.09612347529416,0.995154801730808
0.941201410185492,1.04396631207904,1.00174008613803
0.994328950288083,0.98101077873826,0.991114189480716
0.972948934659765,1.00566576576666,0.993934624624128
1.02657207263991,0.984520489618561,0.991955132265891
0.926680975232957,1.08583228062043,1.01221522071619
0.925449848703282,1.06618567605791,1.00011813755227
1.08361464848128,0.933061466543876,1.00393728462196
1.00806520228574,0.988671140283721,0.995004855863775
0.951411897097519,1.0645150556962,0.998513817877359
0.977366938656789,1.02656084271779,1.00427385916282
1.0270749561035,0.972277803755819,1.00752399812321
0.956793090245245,1.04466250687472,1.00476475434875
1.02680103832589,0.953738818725157,0.983980885048639
0.976923122213483,1.02949842110711,0.989501295626834
1.06841363196419,0.940931750071415,0.996283843215954
1.06862700752721,0.951841206297073,0.993791334513912
1.04871003239006,0.941524014594131,0.99105896437945
1.00898588589765,1.00872096835161,1.00797687101742
1.01007683751042,0.996216264990384,1.00501629624097
0.981536549939811,1.00018638969474,0.993872442734209
1.01223989886751,0.955507123332473,1.0057332225896
0.97662015812685,1.03174986655978,0.994175947115528
0.943899617303881,1.06652727820308,0.996597703989577
0.942238110823451,1.07365642469519,0.991960681923573
0.958543824506833,1.03764706305669,1.01662441700427
0.983191268049268,1.00771159606838,1.00408098992461
1.0310988960633,0.96833895238605,0.980670988921769
0.959504997685932,1.05496673751016,1.00336325582718
1.04564974390445,0.976441721500721,0.99681660211509
1.08170181504297,0.916960935203588,0.998173335268955
1.05332751682701,0.960070024011405,0.991573945982723
0.965731875603642,1.03393435056565,0.995675369375515
1.04774970226698,0.949993986267539,0.994119195863607
1.02158623959967,0.973099824786931,1.00811967846817
1.0020865950414,0.999212784020111,0.999289427909861
1.01045821148733,0.986214886445722,1.00621077202265
0.979534886540407,1.00562407602748,1.00394708384173
1.03042554990927,0.980608472213326,1.01197209297466
0.993466162236531,1.00868112009779,0.988001736016837
1.00145931421568,1.00213179915742,0.997634531294826
1.05474481611759,0.953243158951085,0.974715103220256
1.10150354939593,0.882599287635965,1.00339681256561
1.01338513188633,0.979959728940358,1.00225684206758
0.993096598037923,1.02785004720082,1.02137397409961
1.0343219823638,0.954757343457874,1.00020939972329
1.00845374493192,1.00030714619587,1.01238136579664
0.989901277878542,0.986735544764547,1.01116800734623
0.928379126080441,1.04020162585799,0.993942601132605
0.977149681908838,1.02399878743877,0.98390432245291
1.07404067175126,0.927340737585277,0.997828269732286
1.05213895959375,0.949822211661228,0.995549248105267
0.994195300017256,0.983673109594932,0.995653767683982
1.05113683460377,0.976074775511935,1.00156371538031
0.989168104467432,0.998791686259604,1.01651775875964
0.993872278118378,1.00858112936547,0.999284012318655
0.947845360519864,1.07425734011841,0.999644622131996
0.941948221252876,1.04829052498567,0.98930785244117
0.903083887836151,1.09261367626167,1.00434301737799
1.06854416540129,0.93087901932328,1.00094338179073
0.963054864742032,1.05946490422663,1.00197729964312
0.96416838754429,1.02819625777526,1.00110200506036
1.06693863837591,0.924914935434612,0.98928234829731
0.910310902897564,1.06998924926876,0.993054704674103
0.936394334475514,1.07920970338845,1.00832070728101
0.911137979451786,1.08067246197028,1.00993782774022
1.04140680224148,0.954741870568558,0.999980606513178
1.080527460528,0.932583543017519,0.997869885250676
1.07019792031403,0.941469308038473,0.98967573365229
0.982030065777005,0.99318600274405,1.01156770342593
1.00920616431721,0.998429701146262,1.0061577819776
0.964870725387078,1.04579751883549,0.998064761800319
0.93808900572324,1.0525832648067,0.997394513368464
0.963627789308531,1.03235078159357,0.982007996533841
0.95371979422681,1.03662576464035,0.994219645823816
0.904715730861942,1.1018929966653,1.00246274102998
1.00582406812917,0.991183797453828,1.01321629128633
1.01659462319463,0.987473762360165,1.01447481847772
0.973151380634084,1.03033659131383,1.00106404858853
1.10994525879198,0.895955477209384,1.00871076249625
0.997340443420019,1.00163771289696,0.991697428457171
0.977808158735118,1.02721579322277,1.02060246953012
0.944768034460859,1.04244110411973,1.00993221435828
0.959972108317646,1.04316043359028,1.00699798813858
0.990309349303215,1.01883996046061,1.00000131262459
1.10467806085031,0.897586153408894,1.00353537203367
1.10299562255695,0.891743110916258,0.996388715826247
1.12390634928075,0.884186340571114,1.00394725049026
1.00138993783015,1.00068274087512,1.01083615442901
1.00030859568162,0.988513886447025,0.984892322243798
1.07457663133037,0.942597774717373,0.996756312236172
0.959412372397138,1.03236486379074,1.00428077027741
1.10648246039307,0.904925142555801,0.991179917780165
0.937809727052359,1.07461811210605,0.994274257580986
0.899765728838873,1.0866656357935,1.00703102803034
1.00173835345268,0.988854570103759,0.994281625374566
1.01484272698628,0.96198751797677,0.995040884735462
0.969027821583625,1.04612684591106,1.00439740795711
0.996651347745842,1.00942952092513,0.998518091482358
1.02194208111773,0.970424182248516,1.00484794648118
0.993670587379106,0.996124285904083,1.00839866041076
0.933831005539407,1.06147907794547,1.00263798750596
0.989819977089217,0.988595960440601,0.991824354689307
1.01722461889961,0.987281744865752,0.987097104073061
1.04508111337967,0.958673160181856,0.992377208477225
0.967103628059033,1.04541623352497,0.991713396740633
1.08393758862176,0.921757554817148,1.01995508464701
1.03653039496259,0.95383273623686,1.0030239438898
1.03017542760245,0.983141713983491,1.00958508809689
1.03012223658983,0.955112367764595,1.00403257354596
1.02435486567761,0.988053976909359,1.00260001060465
0.981061908619389,1.03046951530497,1.01000625572005
0.979124665668622,1.01452488050466,1.00003430462406
0.994923211201934,1.0135400255015,1.01831262941145
1.01126123105655,0.988938056969099,1.00872889795418
0.968923267848117,1.04001205130367,0.995069082102312
0.933303220707943,1.06892242911979,1.0112290581923
1.02591414551842,0.973798984601775,1.03019383371782
0.966849241492638,1.01775008227155,1.01536644572268
1.04786568753419,0.951267302972314,1.00082998841572
1.01566129226852,0.987463051132768,0.996609798770123
0.940771706553869,1.07337339619071,0.987983148546277
0.914653986255844,1.10171775330608,1.0012147167947
1.01885995970892,0.968118283502636,0.979312729495546
0.959689683773836,1.02871807925243,1.00129035793135
0.970065983658487,1.03942100770039,0.993615206879727
0.977870506552957,1.02696718483157,1.01132709662129
0.902032355396562,1.09728614396708,1.0075425864265
0.960481236093765,1.02152651141558,0.995338641760322
0.9706247783471,1.05551058431915,1.01146619974638
0.993011064445663,0.979531125994604,1.01258134203523
1.09556423487449,0.887491414067997,0.995866599209421
0.896065848972598,1.11392769213235,1.01136196141723
1.02355593969768,0.98249166748131,0.99373069695759
0.945229551112407,1.08907860986387,0.995314588759542
0.950670036410169,1.0342019410581,0.994435984897097
1.03613191422071,0.93737694434639,0.9929470636884
1.01544450233746,0.99356699885462,0.996079125212656
1.03594951363658,0.946517390847425,0.999623359815873
1.05681972674297,0.935945167491357,0.998531080690521
0.96805259220333,1.04865648979183,1.01364761498899
1.0520485028753,0.947375800330909,1.00131101155889
1.02550580080708,0.974258395882078,1.0053896914412
0.992705361340577,0.989318466605445,0.993052435044023
1.01935015183202,0.950425886789762,0.997030070107369
0.959514216679763,1.03410082590409,0.978639942923914
1.07986627206528,0.921955713816601,0.996167106321444
1.05415433407104,0.945102433342771,1.00253813343657
0.959083711086463,1.01905001995656,0.99892935854706
0.990345508389467,0.991423045959475,1.00764781549388
1.01745207005938,0.977899349992582,1.0161930833953
0.924849400040723,1.05596861833051,0.992171717156379
0.90086843733368,1.08780044642241,1.00388157911985
1.00171671591926,0.986182216030815,0.991498359106807
0.977895260222666,1.00894048653836,1.00230953064807
0.959889655906105,1.02871316309869,1.00152816051435
0.957971700362273,1.06067277182435,0.999760819209486
0.978416863525493,1.02176565745711,1.00813221489401
1.00674953161145,1.01199539042094,1.00020938184966
1.16814141341936,0.823750381361763,0.999994988452735
1.05238637121904,0.950989664949863,0.999280744288349
1.00007582715246,0.994788455957157,1.01409897198032
0.994086718707959,1.01064386829691,0.992217691775158
1.04612419538314,0.935336559051483,0.981605234762872
0.993873458405426,1.01802676607178,0.998967893499599
1.02775258981946,0.959798733074604,0.994969131880414
1.02046931633967,0.961526406571506,1.00107460918312
1.01866074290585,0.970858959379287,0.987769203634333
1.02237085441197,0.971363308121469,1.00587460244974
0.946192195581111,1.05511621603941,0.978916924302598
0.964868118683661,1.02562807455694,0.996660903980057
1.02319731161981,0.956031320695247,0.997036416380283
0.995670823630335,0.993590004457144,0.997159614136529
1.07621156001503,0.930750320823704,1.00607828214119
1.01434820197341,0.975216344039785,0.992045368069611
1.00496542366096,0.988528800678639,0.98804042361313
1.01114055389784,1.00839137995911,0.984302866755042
0.993399850418741,1.00853938674735,1.0021651227347
0.941160105705561,1.06368594311375,1.01472486312425
1.03025376954058,0.941668388229487,0.995299872994807
1.02375049164979,0.958441324069156,0.997316218307074
0.977235344998129,1.00512566332851,1.00598609785998
0.955656552162547,1.03910485440436,1.00031966059656
1.04871359380551,0.956651897619862,1.00099574741969
0.957352007535667,1.04856753668721,1.01379830728851
0.90040078304607,1.12928322403205,1.00757889963945
0.983609987353712,1.02567624864992,0.974238132065704
0.981767347470469,1.01771622460852,1.0092893094946
1.1070178480678,0.917364106269222,1.0113522726604
1.04824021101776,0.969732536161116,0.987351906571261
0.993805859233686,1.01702746833797,1.00041088997424
0.999627328834047,1.02322660693427,0.993462367575399
0.967251299881083,1.04184596879476,1.00052339118552
1.06592333981051,0.943763390829862,1.00427917416275
0.981740899133098,1.02920231911281,0.987261220034481
0.912552830855194,1.07695784971052,1.00533606108644
0.941169190160467,1.06894306684477,0.992839159668365
0.928880196418155,1.04456067162001,1.00052199116146
1.00832729460361,0.982464337612191,0.993911694459212
0.964842821544485,1.0244898807391,0.991547588874479
0.942024980521042,1.06408344167406,0.995243019738678
1.08880387728637,0.914409963538831,1.00040683884477
0.940707997875435,1.04447904275824,0.992434408553515
0.975480304022905,1.01318119855291,0.981937762432622
0.953580266893631,1.04347315862232,1.00890070054676
0.966492718473715,1.04024936463435,0.992865895888238
0.895546378432053,1.0765025682183,1.00471119976451
1.00694031904829,0.982706443280793,0.984951279784304
0.892017149573003,1.10884662932595,0.996733649811375
0.91794481237043,1.09062981947566,0.992660929064596
0.980887393571031,1.0476400310962,0.992107619071344
1.0587375744381,0.934398386372023,0.975344584820783
1.02174033993517,0.984550520175744,0.988805658498585
0.984098776642039,1.04330521993025,1.00583360051839
1.0237978381,0.987356352818795,1.00077233044413
1.01653750264374,0.990228282908473,1.0114231412064
1.05508348759066,0.945943722601175,1.00373311972654
0.978435620777571,1.0079606645874,0.994401671863038
0.990240033581535,1.01274715945709,0.987163775552137
1.01605640122866,0.990989971604503,0.985986782190056
1.00003277335044,0.994073611592888,0.987536867784661
0.99582025635705,1.00726464450855,0.985544347563623
0.92065463417903,1.07141222702409,1.00016571196611
1.03955025772512,0.972648955870194,0.995764197937478
0.960105241639607,1.04430066373071,0.993662884076558
0.957191474140335,1.03870701008137,1.00032477853902
0.959192537112221,1.05947162449215,0.997507429564501
1.0356295109469,0.984031525928523,1.00508575932068
0.864938909359566,1.12745362531096,0.992137313668627
0.964532611956009,1.02284454854618,1.00911522909883
1.02106985953382,0.978390009830047,1.00725130727898
1.03482603573466,0.955203303557628,0.994000141139578
1.05774540652115,0.956967678878034,0.984610901999374
1.02937744363583,0.975314161443264,1.00008251117658
0.905146456240279,1.12777304060486,0.985689714975299
0.974940565279507,1.00931088146704,1.00118950384946
1.07016691487855,0.929091760283015,0.993729916535306
1.02290185957603,0.968770368870605,0.997488789221812
0.983011458769539,1.01770299173629,1.00674085588125
0.989495790150664,1.01438050891731,0.975952338685064
1.00220323953999,1.00957863833351,0.980151830696402
0.999194524513837,1.02234314709928,1.00577963438912
0.963953382996628,1.0264696629175,0.996840558321273
1.05118223424941,0.922902112746379,0.998255174878888
0.983034677507798,1.0148287961212,0.985166177716465
1.01386291825654,0.97022134556861,1.00585414435539
0.956975794882774,1.04925304817361,1.00967552788697
1.06685352371399,0.929884904903225,1.01126056697823
0.977571089364747,1.01687782335924,0.99460268853661
0.943019836527201,1.06858338596883,0.964910765515307
0.993090897651836,0.985696029445643,1.00700856920703
1.02481415285634,0.99655176617302,1.00574297035864
1.04621901234383,0.970097233447098,0.980635379324723
0.908542970733416,1.09112255649272,1.00181247049344
1.02214276078571,0.979114364337367,0.9976012731671
0.993094196052471,1.00763864313774,1.02302898877277
1.04398819074896,0.98266351594553,0.995126122570917
1.01629473081948,0.990666606889537,0.995552105149231
0.921343850287253,1.08758829680544,1.01703676934091
0.973236955841454,1.00804458516991,1.00646757704796
1.07223613647932,0.922161869801183,0.994267917397587
1.04615311289675,0.981586250354847,0.990407245995446
1.03490308599968,0.96323483127239,1.00806066377997
1.04186362226324,0.97204947506354,0.975403844362574
0.951307789687252,1.02988523033281,1.00036213681143
1.01408722010184,0.983808890559991,0.997260137799955
1.01789512797476,0.98855073142705,0.984999500374875
1.04801287156855,0.951896749773162,0.992347809195425
1.07311016246464,0.94314608558289,1.00073236201066
0.934520575566268,1.06271767600527,1.00423095123404
1.00989709621812,0.958941966268484,0.998933241300666
1.07437830689935,0.9232046393429,0.997350516736862
1.02003369812121,0.969164192176545,1.00277506672511
1.00570992533373,0.989088076581708,0.999959960892505
1.02071663847059,0.98975197689447,0.990697340118346
0.976430356425421,0.998349957029388,1.0034777246613
0.973091546959599,1.03713951680276,0.994129069752566
1.0211380365209,0.973521228071852,1.03215123444138
0.964353572429509,1.0512833153701,0.994698087577082
0.964130698620874,1.02718347975042,0.989236456166854
0.960864422817044,1.01900798720659,0.997123282158441
0.937367858003602,1.05109154759055,0.996262766781101
1.01858411651938,0.994813756798429,1.01306039060424
1.03889207538018,0.980461977102542,0.994949344705965
0.935884578646478,1.05888764691333,0.996646999868702
1.04719690229793,0.937395282335304,1.00787080758186
0.929172937045368,1.07933943157316,0.99428635157879
1.10616308116204,0.909063491872574,0.997881372391429
0.991349155544903,1.0036969678251,0.994646039769068
0.985561801783844,1.01458217363926,1.01431725237737
1.00800691925107,0.993472572458759,1.00071765063727
1.12985874838429,0.879205819812605,0.997756440900355
1.01056985932484,0.981512237642773,1.01025565933593
1.06172774422315,0.950969480765278,0.996226899894959
1.05934983569451,0.911470768394709,1.00763927760593
1.02762843795196,0.967049808020969,1.02796882295223
1.11706763891977,0.900046659253853,0.996138970281633
0.968285869139502,1.0297817937321,1.00946787215475
1.11271207420635,0.894687667242317,0.999513503933629
1.05079018775925,0.94930618708951,1.00405250178032
1.03609954957996,0.942941672216637,0.981413016834475
1.02423739152103,0.993306227466282,1.02187325114488
0.974452787517745,1.02538344509622,1.0036821089675
0.963366874814555,1.05827880893515,1.00775012189702
1.00922195813484,1.00782453591126,1.00045235799742
0.983089236748878,1.02546232496764,0.996095895865639
1.01412276180634,0.979831184534207,1.00462969325758
0.897706954808813,1.10581404990527,0.993505578594792
1.00789751217367,0.973548958240188,0.999425411833331
0.915741276891826,1.07019263879528,0.990180933362694
1.02751020659267,0.94248497863584,0.99913782483582
1.05142079200422,0.922431579995179,0.984676403613629
0.982045091791313,1.04303535630087,1.01363696579472
0.954271690436759,1.05306991912879,1.00337012566195
1.01349249809271,0.988615331802957,1.0167236382881
1.07407647754498,0.932752407359078,0.994077239610178
0.93157567779075,1.08159959918071,1.00259837296507
1.03044222081426,0.962398583907268,1.0055154909118
1.03640607373742,0.974605838915532,1.00326600759593
0.958952219332811,1.02713374212902,0.993846965127004
1.13598030972236,0.851029956392203,1.00474054248627
1.03228127685516,0.974290362213123,1.00381530570924
0.995254981698835,1.02394115041696,1.02028421080534
1.06017260494463,0.965501822847119,1.00812800045415
0.973805806456585,1.04062238758576,0.979340648323549
1.05672530385665,0.955942136508751,1.00141654024753
0.974742064003986,1.03958946575857,1.01254957735692
0.980536639328767,1.01767707123884,1.01113275730206
0.885894544470163,1.10023976169117,1.00085039447246
0.881511212759446,1.1383855990264,0.988055254973818
0.984944199102356,1.02857749622409,0.99950833283327
0.97311232627996,1.01239339315002,1.00174462961177
0.929537406875884,1.09009745760947,0.994708874332527
1.01129108224289,0.97780863269506,1.00971108829328
1.03008851159984,0.995004060373309,0.999281801935628
0.997301520950907,0.980299977210892,1.01236875446965
0.976664205738334,1.01650477553473,0.973433583436427
0.993899048374075,1.00096641182421,0.998172846360342
1.04122259610329,0.94475353464652,0.996419472930745
0.940017497577847,1.04000795670644,0.988943138601422
1.06037110897834,0.946278958525931,0.994447628402979
1.03757715542648,0.941896001287031,1.00831015088173
0.976048481081991,1.03305340465941,1.00099066249347
0.978105200747734,1.03520456839025,1.01684040502534
0.973997752963866,1.01995014166521,0.985381612659559
0.944044579545233,1.05075989502413,0.986385251409865
1.04669424285648,0.930092886584567,0.990700832958323
1.11720642741104,0.889687476415203,1.00660180005619
1.02739881590633,0.977731746419075,1.00657796537829
1.05456014062244,0.931402994946002,1.01686857461061
0.998056472508552,1.01170549897735,1.0142061657504
1.07333332843871,0.90889165648225,1.00708915462443
1.03891993377198,0.965192721142128,0.995761305264879
0.958383703830273,1.03963337143873,0.99786679706466
1.04203660983594,0.94151504644582,0.995033975545278
0.981539872819535,1.00445005913483,1.00367386818552
1.02815191451364,0.995003975368742,1.00419612377372
1.05554709769392,0.956250433972714,1.01641488412634
0.954066023486018,1.05201104970495,1.00712815753727
0.960312820125683,1.04698950351758,1.00907294089248
1.0557684004127,0.934700836652215,0.99229867836505
0.963249460652277,1.03860887283556,0.991188432373873
1.02168247197919,1.00500100941631,0.986075629615881
1.01827787762149,0.997225550645097,1.00389133455129
0.990411732431899,0.995043883780808,0.992056186185614
1.01376041163769,1.0189076737588,1.00380798847596
1.09188429999209,0.898733432640159,0.997912379547071
0.932368434858505,1.06972091432221,0.998944361833556
1.03819300420397,0.958687000050866,1.01743027204759
1.03488072640958,0.964872531368915,1.01395391518716
0.967326026658922,1.01724742863187,0.995209346290771
0.982781501253125,1.01548544144887,1.00328191062024
0.984538275218402,1.02068705103742,0.99493156845292
1.10298485602913,0.913482362961554,0.995403707504757
0.991656696061749,1.00972209362288,1.00206366080207
0.934721377681243,1.06493824419049,1.00722724630873
1.03952611854438,0.936242464060989,0.997936968855799
1.04354311025246,0.955754227894257,1.00651294189887
0.983139244315024,0.996150666137338,0.99801594089388
0.954548393639888,1.03386130939792,1.0053591571169
0.997935676107095,1.01200004484997,0.994495999771651
0.981565725196809,1.02909434488169,0.983701255706913
0.933481442199118,1.06531879876822,0.997589480888212
0.991660561634582,1.01773225332085,0.992769334621508
1.04469243975172,0.972753356379141,1.01976538944538
1.06722177282744,0.952053026989064,1.01184198378346
0.902491514631455,1.08342904112542,0.995796481893527
1.02127909729965,0.980171630580547,0.9805599806471
0.951790732722145,1.04331729027756,1.00952726728101
1.12365880345935,0.881439752628727,1.00265874315363
1.1154157539415,0.882595678866145,0.992632380486948
1.01971145621213,0.980629606920631,1.01414210548619
1.02368671971755,1.01104047382682,1.00714819745736
1.00753940022284,0.974116848053837,0.993309720214117
0.96955848249694,1.01779090554875,1.00568025645294
1.11580672513902,0.878501641603536,1.00128733490561
1.05784318478187,0.955732495729949,1.00259389788023
0.935043626763381,1.0593355698641,1.02968377312581
1.01817889478391,0.99729411079122,0.987016325677814
0.976122042063614,1.01166323585411,1.00948394593628
1.05552845271076,0.962329345038983,1.0049705458653
0.978696107793194,1.00245308491616,1.00329336972766
1.01910977074491,0.98320143386773,1.008780860825
0.950235936126948,1.06009586968222,1.01134271399365
0.996411442273796,1.01743694103758,0.999611622585531
0.999650075194353,1.01950390321558,1.00574051229476
0.95401910082811,1.02552988381386,0.991818521997968
1.03917690829781,0.961174962034619,1.00106616060704
1.02428479464762,0.99013113129024,1.01104146212214
1.05305766081977,0.941379365188273,0.997641197052817
0.937789602679338,1.06051128310598,1.01431880587538
0.951808651864531,1.05019840168549,1.00803353062669
0.969655011782047,1.03369047874402,0.994251758946175
0.99134508039106,1.02346462526159,0.991903047947065
1.01532063460916,1.01500167464492,0.986016250669343
1.09251499463685,0.900924428289522,0.992692677168006
0.969495435495842,1.04143980219824,1.00102772044577
1.00302941063032,0.981912673892156,0.980979015190674
1.00385291009383,1.00751912481868,0.99968590936653
0.97509965025188,1.01786870768624,1.00129570231649
0.958754192786612,1.04998187723073,0.990299808641823
0.961881677633045,1.01288538497938,0.997776497484014
0.999536933727293,1.01370843119202,1.00418203100064
0.993319373022554,0.998640649177651,0.987596114127872
0.983771376317782,1.01662855702898,0.997562369409108
0.996054477778632,0.987342202880209,0.998402179139306
0.94961480815551,1.04060539513799,0.990617635583009
1.03542863301061,0.948497111314104,1.00292743250049
0.970171841739367,1.02728738360551,1.00897872491187
1.00410740303548,0.973788579123877,1.00236719763234
0.997784812441702,1.00236112459078,1.00262997915177
1.01204046368503,0.992121189765035,0.990119673859368
1.00607469164336,0.995618106703273,1.00691410241007
0.977080307407225,1.04584928046254,1.00612275814113
1.03244697537021,0.968673365315564,1.00232932026123
0.982617501165164,1.00192096405,0.997369326048667
0.952362328548037,1.02086939529372,0.995277044107911
1.03129815356335,0.965878571156726,1.0066013911305
0.986369365688619,1.04544172534378,1.00207382984208
1.01533801659699,1.01524423137343,0.998945978221506
0.947435127672552,1.06647081027285,0.993055396306452
1.03629329018445,0.955667347753448,1.01851149229641
1.07302968230275,0.938871980582612,0.999387073472774
1.04473137898878,0.948392219155734,0.996534587513617
1.06569792118393,0.917552687508115,1.00527667162357
1.07263028721645,0.939973556701094,1.01222150490723
0.969919032283188,1.0188055103939,1.01381100699636
0.986682877950868,0.993890540954954,1.01531815310084
1.04082876526175,0.958419235023885,0.999374898703225
1.03756122645105,0.985919136480328,0.995766626366112
0.934803874814793,1.04716587762941,1.00924350420027
1.01467332999676,0.968779978842258,0.987471319597903
0.962898359176371,1.02031813319939,0.99261420244247
1.05104885534877,0.95524290703649,0.993736523738339
0.982604389952994,1.02699226290886,1.00810578911457
0.926814066852764,1.08686930624164,0.996984219459346
1.02906036769665,0.965847444558876,1.0114764651084
1.02793507300463,0.957803631852812,0.988832706361361
0.984214158223186,1.03325422209347,0.994759971621887
0.949841818153893,1.0454516369235,0.996942878373318
1.08075136192485,0.922910438301606,0.999812306703842
0.955148286603292,1.08114068311442,0.988715865661207
0.992363482101803,1.00199989913733,0.980002688616479
0.997934852425935,0.985180193203372,1.00905126830505
1.00371441644156,0.994356288756494,0.977492064938335
1.06716069936478,0.944985505193628,1.00314614068868
1.02111302071696,0.978206016574337,0.989715295775414
1.01030972384061,0.977785251888125,0.991493759978494
0.926543180238535,1.05878026612278,1.00865580880169
1.07229648913215,0.915701602881554,1.00155149463947
0.981064620179482,0.998840227526819,0.995881536735931
1.03065998778717,0.957798812893751,0.999204753537809
0.993813402332341,0.994552314186686,1.00703577979184
1.08471415509364,0.93211461671584,1.00326944556999
0.945762799512293,1.08170489307518,1.0051459921941
1.00513350951216,0.999537065212912,1.0020463264242
1.08837920524606,0.917324834633774,1.00406878182859
0.938466983906672,1.04934332287701,1.02377795109313
1.00882536727081,1.01670509231504,1.01620310882948
1.04143186796906,0.968351512898716,0.995494302524711
0.982732482598205,1.00527143521206,0.988937051661089
0.913672364829585,1.0455346026848,1.00965309354773
1.00106711520057,1.00632935884921,0.973489709756139
0.985459848911883,1.0066881068853,1.00566890005944
0.908397605860487,1.09819045741294,0.994401084053497
0.956920901459928,1.04470762660799,0.994491722714233
1.05617296997216,0.941036013906408,1.00119968034816
1.03055155184196,0.957281207676809,0.996645130342483
0.91140933814107,1.11983006033495,1.00276702157742
1.07231006251444,0.914244348821253,1.0073323753324
1.03341310300314,0.96703531117484,1.01755513640862
0.963258206211511,1.06527843639363,1.0033939751517
0.997170820125175,1.00761072956319,1.00183856550297
1.0546259795087,0.940270423612972,1.00594238393161
1.00934608691603,1.00416929546614,1.00415492035753
0.940078631385705,1.05986656477735,0.988608612544853
1.00611341966177,0.983935281035445,1.00101132238472
0.972535068174375,1.04770536212561,1.00491361854426
0.96411917887862,1.02762566726007,1.00918569425147
1.09505115478998,0.897250921079618,1.00157091485549
1.00031462057341,0.997159746032064,1.01550116871967
1.0480300521321,0.959363112538087,1.01026692043091
0.943368107547345,1.05529999830675,0.989360709735745
1.03599700846389,0.966965398157842,1.01167707389012
1.02989247342535,0.99879517929223,1.00112616211443
1.05706078004299,0.933837070058876,1.00778189669926
0.982746824184315,1.00573647133014,1.00099529591826
1.06404845100508,0.943384123256078,1.0045104237545
0.90711793471352,1.07735670178904,0.989213390418629
1.03903468824477,0.94783697637146,0.988161074542402
1.00698901384518,0.986583180200044,1.00853884663586
0.963203231035779,1.02758040282228,0.978626008644983
0.98438255324181,1.01965191310187,0.992548920038039
0.993448434179683,1.0014738522761,1.00250242002996
0.97961058749922,1.00094678625044,1.00304005049231
0.99347376510025,0.997936136620766,1.0182963604481
1.08454290960002,0.928111493887264,0.989522610442721
1.01018903951462,0.992066128853616,0.995734465970652
1.04597340436452,0.951204056288728,1.0023833065241
1.05883382099266,0.935551636892739,0.98924367856207
1.05857491525717,0.930835925498344,0.981640607763129
1.06807565432775,0.949213733767658,0.981415135993083
0.959267712449808,1.02374652505409,1.01938719040353
1.06322052714932,0.933412283156046,1.01107170897249
0.963805660810516,1.05515227319698,1.01567757705676
0.90143622229267,1.10141817826939,1.00265125299427
0.975153410688126,1.00683098134774,1.00467615489766
1.02436357914765,0.950562133625783,0.999287252599884
1.03606825684026,0.979278562023527,0.993352609024812
0.985989727649891,0.997331196458436,1.01277889491525
1.03614487630007,0.981075143090213,0.996824908328447
1.00408033810572,0.9839019236718,0.993786062175418
1.09143249465029,0.902672543365463,1.00081892749079
1.02150202015661,0.983937280098466,0.997391051197389
0.962733747343849,1.01472110621108,1.02741905076498
1.01947638439821,0.983950846775804,0.992944464756301
0.97997583735348,1.01615192299778,1.00182555861256
1.06551310650374,0.950972277385705,0.994796746297295
0.925373612629515,1.08138566647164,0.998298893914411
1.00337495592651,0.99046374772864,1.01139298014064
1.03274015369892,0.938545128921128,1.00394947456032
0.936614609033561,1.05322461963357,0.988311717857516
1.02536296063898,0.967027865866044,0.992695081166877
0.960894118479209,1.0010481955756,1.0090883506317
0.916484328724592,1.07203891008571,0.998521635318748
1.0530604863195,0.964666365832747,0.996543672011185
1.01439402089262,0.99572009965246,1.01094273365576
0.932712908280031,1.08567159471108,0.988740473171787
1.01105322961748,0.980023972764783,0.989715205458766
1.01306349327507,0.990931497141652,0.995620350541608
1.01480484839454,0.979799372623206,1.00111871637774
1.03048648167404,0.989873224966253,1.00840241066636
0.983316065571187,1.00444842830473,0.997657817416003
0.88416579280358,1.12163595696629,1.00434647240079
0.983431757179006,1.01665212771351,0.992195696006308
0.906505436917467,1.10803843970643,0.990066582129702
1.00418885551779,1.00593313068514,1.00129394734807
0.988672009617175,0.998261218431715,0.997683552871884
1.04762898060381,0.957738940779092,1.01414393313219
0.948904528004231,1.05638712025115,0.997602497966525
1.04217763197168,0.95807667250182,1.003839550686
1.01819051450781,0.978174913609898,1.00440540413785
1.00039534694739,0.985240653946942,0.971511256082237
0.982804659238486,1.01986774319798,1.01430740844007
0.988638209345302,1.00200617402935,0.998816532770166
0.999378632567095,0.99523092423088,1.01300031169662
1.03284817374238,0.990437100350239,1.00444563630372
0.966351164900086,1.04381441765602,0.990903269616327
1.00734571630784,0.989928146473459,0.995457239666452
1.04482119088603,0.992670378104652,1.014991192573
0.95076616474671,1.02033989859542,0.995419381569578
1.01482492113822,0.982938264250919,0.985165003398116
1.00878627109119,0.995193657694796,0.990242627350114
0.976262744917038,1.0287097422888,0.996235679966068
0.98458237427099,1.01976949910642,0.995216526935227
0.995740533710502,1.00783665336391,0.992279609852746
0.905362316693486,1.122580798413,1.00089334065224
1.01295381781349,0.987799951063777,0.996860482677205
1.03865444631945,0.940259394974514,1.02192803306461
1.00016354078295,0.996000522847397,1.01478358420431
1.03205455786536,0.976166758491917,0.995461057268873
1.02302246563002,0.964931999978389,1.00103121645123
1.1218798696294,0.867619496563098,0.988874138469815
0.955949006902227,1.05771442045681,1.00437188945959
0.966099835684128,1.03445074546576,0.991642731344917
1.01238022073032,1.00826444974979,0.994377756360882
1.03392472776874,0.973114419358326,0.99908719310522
1.13144375580008,0.872488111797286,1.00340956917795
1.03877802425059,0.945741029127008,0.996020078835065
0.942251301308864,1.04167805717231,1.00042660630198
1.00412279281918,0.973400345415081,0.991873506741324
1.0733772163981,0.936893060024587,1.00232064510535
0.995083867551606,0.983066833307195,0.984508677534686
1.01528244913281,1.00521253512018,0.991627760215817
1.04446374357861,0.950186206924578,1.00421969811564
1.04531294428382,0.968478099041177,1.00846952840059
0.959712522464118,1.06090402421956,0.993281829263942
1.02283767887574,0.977143104655953,1.00367622753781
0.949678624476377,1.04707507697381,1.00177226062994
1.08190152608598,0.925179167774903,1.01181192474354
1.02983090630776,0.965045033549759,0.992482834133446
0.982569527198804,0.997456127982194,0.997752707108824
0.964056477455282,1.03046566622323,1.01798075713611
0.940714332881008,1.07179642530244,1.00068248133908
0.994080211830826,0.992994275642584,1.00049335140031
0.95675767791519,1.04266591860884,1.00040672544204
0.974767129485063,1.02663476377582,1.01766680974025
0.929366455697361,1.07784705146643,0.996796010976747
0.956088396457121,1.03817858081181,0.999583630392519
1.01644230338058,0.993080102798795,1.00804120419934
1.0315045907751,0.983155224243355,1.01266468511147
1.02028102066823,0.973068341952777,0.99838948853397
0.991571169138002,1.01983855132567,0.986375905947937
0.960618244814017,1.0427226181141,1.00911624073841
0.983617619242007,1.0142359759643,0.995590724064964
0.986064157461165,1.02382634090181,1.00228179488168
1.00599456927131,1.00193232268195,1.00539404610206
1.00468332302701,0.985162379799226,1.00387978062834
0.98247721741349,1.01328190167476,1.01629838849929
0.934575140852005,1.0980074829904,0.990739789985331
0.957111141371124,1.0579079715333,0.993675890330147
1.10641196205605,0.894124806045373,0.995506370430966
0.901688517329388,1.08407949430716,0.994714837598273
0.951752472219765,1.05467773414589,0.991580681713828
0.932495919950857,1.05528595635714,0.985159824769924
0.977094957404701,1.00035051579615,0.997044491833426
1.02972879814008,0.981813487513641,1.01211775550856
1.01229941338341,0.976091945479039,0.991162508348329
1.01187140062838,0.980968657132286,1.00295393538764
0.947833960925553,1.04757507338371,0.972735567762317
0.968439406262841,1.03824970353944,1.00227174678441
0.970243126701684,1.03038017891451,1.00924822611479
1.02218557834744,0.993180327028335,1.00477894655504
1.07153622706635,0.878503761155941,0.991049063136117
0.966069731405816,1.02529995353452,0.993227573998081
0.975161266495663,1.01547302112203,0.991419547861836
0.986931605791401,1.03657564649557,0.993980847671702
1.08761731489983,0.924010329765654,0.993669711152271
0.983819554679632,1.00075739406209,0.984683038985211
1.0081377564566,0.990356140885395,1.01072591122333
0.978322601304673,1.02077490900391,1.0114567359849
1.05679088829419,0.942149397075587,0.996485053122883
0.999668416999211,1.03021737377511,1.02117759068451
0.96184789060491,1.04749450123235,1.00206008779768
1.0893171939085,0.90805163785163,0.996484370710939
0.988898383374883,1.03455549745625,0.997657335295851
1.04515555845116,0.943829480739731,1.00708164579498
0.909313803659902,1.1265089629902,0.991951067820455
1.01026430320702,0.98363562890711,0.987831295301547
0.978479239624248,1.02664117028652,0.998802516478145
1.03071332875697,1.00024981592157,1.00395759106177
0.908357244914145,1.06289598569071,1.00713649171655
0.906202038552071,1.08184334151896,1.00535335403343
0.9307562611707,1.05948587604875,0.988314889523805
1.03146382039172,0.940995085771276,1.00547253964144
1.0044453029781,0.994443520676149,0.995921081493024
0.928168948552609,1.09580477945966,1.0021690514935
1.01171144233605,1.00056338681475,1.00360026332093
0.95207516322495,1.05565438146291,0.999135683492779
1.02041371351048,0.973355640059576,1.00917590343036
1.07642377629662,0.926655180794871,1.00344126898221
0.975618495983149,1.01425475124569,0.997235555200159
0.999976805640857,0.989216584978893,0.998216918237771
0.958117210213008,1.05163606807432,0.979826578644442
1.04191403656189,0.963931255132259,0.995671748301526
1.00039300060778,1.00942306406305,0.99524633958191
1.06749169722633,0.943658683724137,1.00681927255401
0.994581980455328,1.02560564139433,0.999739622738691
0.875278061128608,1.11717178815632,0.997760923061848
0.951991163783744,1.06636794928185,0.998636488183402
1.05554493423173,0.931795435352706,0.997295964171377
0.969965046152597,1.02811948274706,0.993297642386614
0.965065603053016,1.0314878147797,0.993719467221772
0.98398025635664,1.02627591686431,1.00639760649533
1.04259796805558,0.967895345723741,0.99958556454841
1.00006617263336,0.998084830920911,1.00045127419935
1.01003184026304,0.994660811252581,0.983259075277414
0.996604700907507,1.00777593254321,1.00315357282086
1.05863046122345,0.954658250429937,0.998172837991228
0.97258899341702,1.02711029048226,1.01886457493655
1.02425602882697,0.974000306212663,0.991876070829582
0.945277375177737,1.04630863601148,0.987188657295107
1.00469208957702,0.979743658868345,0.999936201569987
0.994452815090736,0.989105541313795,1.01296151752277
1.03533962701497,0.927785587521883,1.00649955673824
1.02067565765137,0.977417130057826,0.998138813902759
0.951811726505274,1.03407771104584,0.989736012572974
1.00459182867395,0.981301180849512,1.00474035835271
1.01947961356729,0.961705733862362,0.985975598830911
0.991728919996067,1.00171555771957,1.01424497639197
1.03392000658031,0.971294324847185,1.00132669279823
1.00399749317509,0.990245328119043,1.00408976587476
1.03515188754739,0.967907796789629,0.998984658387643
0.988531863590794,1.02057435315833,1.0025482037886
0.983010943340447,1.01714450049149,0.992378404013572
0.913640373632885,1.07151489312954,1.00044930873566
0.955953750080263,1.05351858824452,1.00088009580606
0.949681946295065,1.03962455766416,1.00754681634381
0.975599144057966,1.01393489198531,0.990393624630778
1.01267147659395,0.973642184464163,0.979557193789677
1.08680034313143,0.919939156292871,0.991327917794739
1.04366427357605,0.96610087209063,1.01031142851252
1.02350991592849,0.967985962325776,1.01253906708565
1.12978143063897,0.874108846342623,0.976834838317855
1.03388779576509,0.96638393514399,0.998924521325512
0.976651075188348,1.01876342542856,1.0023834950581
0.99414611712685,0.99304244902154,1.00978611301541
0.888202376103323,1.10746527002304,1.00425649818553
1.01161489954501,0.988547060566544,1.00451644096744
1.05505718988382,0.932052091515939,0.997408168904473
1.01751687384172,1.00433941833564,1.00338216594219
1.0357867889761,0.967104960848779,1.00837516328566
1.00776585999388,0.998664656824219,1.01131869050215
1.09775265670317,0.879556882167788,0.983268032736846
1.04094126476516,0.951905922937979,0.995101754999109
0.960334829437095,1.06138236874697,0.996030603748676
0.963296675684624,1.02587362896809,0.997958419179799
1.005228418398,0.989072888302634,0.977688494848916
1.00824667490882,0.981154063783164,0.985102041674338
0.986065857654382,1.03614123983263,1.00975866589178
0.957271399199642,1.02362124591845,1.01214542197221
0.998949284937732,1.01512985031307,1.00726326581903
1.03199656379845,0.98899146022802,0.993621998398223
1.01245724615995,0.984626695071662,1.0067897985445
0.920655919584673,1.08374462211898,1.00503412046688
1.02394721777332,0.98023200082436,1.0018970096863
0.942133708618332,1.06123581555887,0.987570472989152
0.940330787240009,1.07018569681516,0.993455313255052
0.926858454467073,1.05137861881972,0.982682427065951
0.999169352824236,1.0112474869346,0.999851697135919
0.919240343896593,1.07077445602393,0.995597305416155
1.00641612897638,1.00329447502432,1.00003762894922
0.966022876746735,1.03794890126576,1.00638348989083
1.04914308311571,0.953187537710155,1.00644920288719
1.07390223061491,0.926497733630029,1.00295780735798
0.921963195969661,1.08039901736599,0.997540103843444
0.988597476997633,1.0086520621824,0.995620346075689
0.915709202673276,1.0771287431285,0.990880980444281
0.928077021510503,1.05116811350137,1.00648229147329
0.979975683612323,1.02263829841873,1.00174789784543
1.04738703845864,0.959141992784652,0.99481198426069
1.02384390614592,0.955127921714692,0.998669556781558
0.958915958270421,1.03283479242685,0.988544240645806
1.0432104103975,0.935750436565591,1.02276148953924
1.032803727454,0.984836634561378,1.0092843240278
0.972275563197193,1.0422692131047,1.00190618630522
0.94456303993062,1.05959463930756,0.993618802771067
0.986918220602784,1.04304591139061,0.977700133090226
0.861254273748506,1.13070850634211,1.00585558773421
0.973279549805405,1.01638611488622,1.0056932116987
0.982523464184482,1.02773328667757,0.996997286398474
0.966405260296307,1.03882807516552,1.00542892049945
1.0824491714631,0.945149670268147,0.98116840715545
0.979226921266621,0.980435006858552,1.01566012282824
0.936008473140503,1.04793532621077,1.00346834336152
1.0664428453952,0.915582116869183,0.992748392691266
1.09133480029411,0.927019292643967,0.996506650931925
1.00036382102978,0.984923604392938,1.01283438108092
0.987883809610545,0.999750323582065,0.9862862959962
1.03733458500297,0.989898132977724,0.987438461877262
1.0665037155414,0.9334190126289,1.00912608720232
0.976071184586392,1.00778298828707,1.01416605558187
1.02762795238652,0.985066497996071,1.00205792700955
0.986304394479146,1.01204903641744,0.998815749595735
0.979560792601624,1.00930602045294,1.00067849132822
0.996640607868161,0.986841022577953,0.98180373913743
0.918207863976481,1.08493300936803,0.991334175850525
1.049223209843,0.927863425599072,0.995610798426829
0.950554527906723,1.03429333793262,0.984916735525023
1.02446320249813,0.990733263870736,1.00845019878614
0.978063996507911,1.02555854855304,0.999168529671387
1.00350636282542,1.00531489792668,1.01036424482122
1.10549976408041,0.887728252711503,0.989070298051524
1.02086078065729,0.946473896628953,0.999725268303114
1.03833000239827,0.95636563586271,0.982238195010714
0.956904600973703,1.04207096871431,1.00410883383009
1.0353990028402,0.964316156410025,0.99703449456259
0.971680654762282,0.981539765612275,1.00011669991196
1.01419852751737,0.97949813070928,0.990819916704651
0.994733414492775,0.991172808545527,0.986793606369024
0.968307901113064,1.04307471309831,0.97997457146624
1.08083028347982,0.89688578861557,1.007385596216
0.913875623785295,1.06421823603233,1.01322798208409
0.974643551048539,0.999244912653932,1.00352013538071
1.01825231869664,0.998928809850231,1.01315617128468
1.06130469952067,0.915125409045492,1.00500756757367
1.03910322133693,0.943963681675228,1.00279262547404
0.952867295128294,1.03285594072911,0.990234207621164
1.04188796882876,0.96392784453067,0.993791427049106
0.98546939284199,1.00939371038353,1.01574825538242
1.02493855928067,0.972325689096703,0.981717649003287
1.07861523371999,0.928586186378513,1.02715771701987
0.99890063325495,1.01525552324144,1.00267749576352
0.998995682854095,1.00441847681229,1.01529666339977
1.03373474943716,0.971383383458924,1.00098229997154
0.970397103717086,1.04386370677182,0.987840841514982
1.0850125577499,0.900035709579124,0.999739536779974
0.915215498820934,1.0757610604959,0.99237052520161
1.01461103667626,1.0062941987616,0.998620368215089
0.983859782653893,1.02070910945165,1.00587420218788
0.975828107491806,1.02612578627249,1.01350036987539
1.00172113888342,0.992212421380421,0.994055242860177
0.994095506025804,1.011915589348,1.00136488879719
0.929544615349022,1.06278859337729,0.98720068442918
1.04846628494668,0.944271821176285,1.00398456145124
0.919465974081237,1.07432475744304,1.02143269340756
0.979274535100319,1.0167906361049,1.00295545066232
0.94924532369291,1.03009695660241,1.00250528757468
1.00602894919598,0.992448013130358,0.996822719206847
0.967778840336334,1.05179373897923,1.00238791766867
0.946575295414407,1.0585355815111,0.995701870018857
0.994583124285998,0.988866529497554,0.984299622493896
1.01078403851578,1.00998326929669,0.992593289330834
1.00853404258107,1.00629519627826,0.991841438075908
0.927222527358715,1.0740462266166,1.00596155262763
1.05842354531544,0.952034896563193,0.984426004780807
1.04574524622053,0.933823915735999,1.00050251981268
1.07444249918665,0.917125138607623,1.0060843561762
1.05686066131632,0.942242254306722,1.01584854867988
1.00709937716269,0.979738439385465,0.988523873903802
1.03188979463811,0.977031747353408,0.983980197494364
1.01147820353272,1.01132014297299,0.992313975591004
0.869492880051757,1.09306506210639,0.985082278792994
1.03304602008904,0.966222454904173,0.997373034256744
0.964073708166549,1.02476826188007,1.02073495037245
0.983476476086742,1.03079131066125,0.994415440891814
1.00212960320935,1.00611141152943,1.00819746527909
0.999644192939736,1.00296755773495,1.00352306430027
0.952208226805577,1.02900905356544,1.00858676626635
0.912439331015453,1.09099365420708,0.991108036392013
1.02976562410277,0.937533315220804,0.993251076761674
0.97150350897851,1.04571717333568,0.99656102937093
0.994006193485418,1.02101374076976,1.01332901211844
0.943849315168146,1.07709255859347,1.00524175072594
1.10041161374816,0.856486155788436,1.00476168762402
1.11103074658693,0.882008380411363,1.01244631847913
1.0641603970588,0.958043061023965,0.98551350187165
1.02228307945244,1.01507045008165,1.00949137496015
0.98821766493788,1.00311596991143,0.983040407536276
0.968575098602205,1.03148534726635,1.00725568501745
0.963889834005505,1.04351573486055,0.986400256429305
0.969691225484073,1.02666202374685,1.00123785272803
0.992481807100524,0.99182279378864,1.01675081102881
0.95371406071343,1.05952248450925,1.01074933228684
1.02877269334376,0.96513497329559,1.00646177335037
1.06806958329808,0.925147483218283,0.999790523995364
0.943410788064581,1.04946312059873,0.988726153522903
1.10195980046683,0.899842928514051,0.986684857008632
1.0571585112991,0.957505162734999,0.981423830076237
1.04038046676378,0.95430674173884,0.982066137425473
0.932545175826695,1.06579841370067,0.994388182098796
1.0449019392392,0.963510848066906,0.991192763767919
1.01351545967536,0.985350800753641,1.00582678384226
1.11806859758337,0.894833364932945,1.00714278763727
1.0271751822749,0.97235611488193,1.0119717361735
0.955178492081243,1.05156705326026,1.0062859494269
1.00454024084908,0.987994720915748,1.01273364224964
1.04069855616791,0.977230235297866,1.00901937976164
1.06150493983692,0.925815927001925,1.00883002636565
0.975506650136357,1.02751886309892,1.00498879268365
1.03694192712488,0.95518176724713,1.00092752875695
1.0276306239826,0.973635198244124,0.995383922550903
0.982033822617088,1.02404189068056,0.994706861629956
0.875868190456149,1.11354096193738,1.00647054773287
1.0022531952107,0.994942634751542,0.999093120114604
1.0933029534531,0.923826057452446,0.993706467724675
0.924126769529283,1.07110236196882,1.0040933864185
1.03657397201702,0.975056822051068,1.0020506248073
0.954680036072272,1.03621659349183,1.00275890543434
1.08265176501969,0.912801075364962,1.01181670502338
1.05048622803759,0.968899693484711,1.01261783769952
0.95734554611335,1.05457314245795,1.00727006294958
0.948171304440491,1.05101280259653,1.02040873575068
0.912322546650632,1.09875738452006,1.00237558293455
1.04075838940651,0.940999988337323,0.986120096167537
0.942894625862918,1.0720990476531,1.00342017703893
1.10436307938855,0.885070184174709,1.00573252019523
0.994796444618737,0.993727937673326,1.00708947586039
1.12628607550407,0.899219333345182,1.01576750477033
1.01300697155602,0.973532427308717,0.994255684138717
1.0684993204665,0.935426900217035,0.980896072070319
1.02668431946482,0.983124129165355,1.00449582162023
1.0544865330666,0.933271801829575,0.999032587153933
1.04591196145955,0.955983680107139,0.996343700799782
0.95752892047724,1.04886806256993,1.00633819787746
1.05742988042023,0.951645612575393,0.996185027506832
1.02282394518126,0.997361109034953,0.99070739188155
1.00684857742436,1.00026048118032,1.01100309909507
1.14440121981876,0.84966195105063,0.984197413185656
1.08861083840022,0.902179705988082,1.00979407881813
1.09663999840141,0.905737868181669,0.990025913813905
0.941379726955621,1.05758140418135,0.993838364058844
1.02313838386091,0.977882788059356,0.99380131537902
1.05770448483163,0.943430094900006,1.01537587232646
1.03010479603355,0.959410242016069,0.990437880886424
0.972742751327097,1.04367665906187,1.02185436158128
1.07917798533293,0.933515441708566,1.00515404884426
0.987543003647621,1.00681331566349,0.997300465410988
0.965969495126214,1.03122988812004,0.989469985173892
1.0243608513338,1.00695346500215,0.990211086552171
0.967533459642372,1.02202104407735,1.00388642053143
1.06627685549602,0.930959596791911,1.01398339931288
0.996151410603217,1.00597462261197,0.995337358945186
1.04516707596714,0.930793248292773,1.01226828494207
1.00792564085269,1.01310233813202,0.981447988709265
0.993405651429163,1.01225359308239,1.00527174867904
1.03127759961274,0.969554804044706,0.986787588356826
0.996701431206673,0.992823979861243,1.00026306186268
0.930115851862919,1.07245128971676,0.988640548773717
1.04189700643354,0.964237736986784,0.993651196880103
1.04432920678514,0.944905575989237,0.996777267421762
1.12748985868963,0.880570804052714,1.03218737380003
1.12247021127873,0.879858153039386,0.990964674218129
0.964079397541182,1.0362841602967,0.997303512879538
1.06624849716446,0.939044407469137,1.0006234623271
0.973993046022208,1.02128469271286,0.996217288069646
1.05698098545108,0.928414520996245,0.988429490847457
1.02309543675746,1.00604025670684,0.99483045789342
0.998474632737294,1.00604856772868,0.9860164110688
1.00466526925738,1.01137020572516,0.981909974838053
1.05672837595175,0.912441875567139,1.0280780354114
1.04563540408023,0.944133871418107,0.993684096678131
1.00275367648284,0.988821435691537,1.02016457472631
0.975641328329353,0.990680385894076,1.00325385616392
1.02888337879165,0.963079576948662,1.00158307535894
1.05049520516282,0.962447247034447,0.985097046088222
1.04445309939331,0.956791215589958,1.02203223892061
1.01370483969341,0.979186773326988,1.00342153569071
1.0683202161713,0.926338913176807,0.997643792325344
1.05513406937768,0.944671421322464,0.99287830851417
1.00621224841596,0.999264399251442,0.997515479986847
0.954126296221183,1.04920474732583,0.98788497230156
1.00615680127257,0.998859559510411,0.996513544125057
1.14643887787386,0.875381153260362,0.999955441643442
1.04454812389815,0.967173156472198,1.01756218544221
0.93838273939122,1.04352750620581,1.00348251984901
0.996655068097574,0.996713499304657,0.995700106212907
1.00699819396792,0.992367982573219,1.0062704243001
1.01277871817924,0.993051922838734,1.00438157884524
0.991915305578524,1.01456144092977,1.00510556670002
0.963207668031006,1.03762828772385,1.0032046832575
0.896139335172852,1.11819365333178,1.0061185694517
1.10676678282821,0.86139824618387,0.997900503782523
0.995843835085358,1.01098579438121,1.00739009200097
0.953601280327432,1.05060187295083,0.986637509088062
1.07219667648189,0.911442604777786,1.01371789447156
0.966029371684828,1.00337268396116,1.01248880140258
0.946691693912641,1.06094197770791,1.02635139974471
0.924427225328361,1.06514604520923,0.995220494787113
1.01726306846595,0.990397129051582,1.00720138433552
0.997359688708896,0.997415270415803,1.00315629108928
1.01841063277088,0.964337729793293,0.998132697045551
0.974322023604823,1.02894403619923,0.997060775277865
1.06038819858239,0.935787237002891,1.00845350550323
0.921035945095412,1.08295293618044,1.02279841182112
0.993679319610789,1.01127714237448,1.00116735301956
0.98115194303399,1.0080383717182,1.02596605871199
0.987461751022987,1.00132339373699,1.00283228336603
1.02830934738175,0.989913956363269,1.01918542809939
1.05986781827698,0.941631337223747,1.00544616239918
1.04677084826507,0.965209793690435,0.995465847124812
0.981691393081209,1.03971713737368,0.993420550647323
0.992398386313208,0.978061015994914,1.00354540735952
0.942149056491557,1.06986428744543,1.01277513973193
1.12034135605081,0.88769898095958,1.01008013735373
0.979855269112813,1.00349089697161,0.9963037456891
1.02138676000255,0.998491211583745,1.00448089833641
1.05762992575453,0.94179559213821,0.984175553464713
0.953159250511721,1.05106037922875,0.990719921015758
0.997214159488946,1.02632913136783,1.00291217115721
0.926473262105155,1.04431607295884,1.00601466651075
1.06390515988065,0.944414061824292,1.02244747364521
1.02240855853547,0.994174520786684,1.00209588778755
0.980647873968425,1.02664714903767,0.980924922156342
0.978941907754533,1.04369517398287,0.995086349582375
1.04134373111472,0.979162459498061,1.00702782429761
0.963231831178755,1.01453887767073,0.992932999416687
1.0913001414756,0.907991474554687,0.999542180442855
1.02697312255903,0.990620389345516,1.02415594676306
0.998200907464025,0.993667473408687,1.0003662222581
1.07345712964537,0.910593202274206,1.01484280034124
0.99064874942477,1.00572186197434,0.994165970343564
1.08999560402406,0.910385508599466,1.0029652613127
0.979677547477852,1.00216668382771,0.995986920861819
1.07564000469761,0.936671927728773,1.00531713823504
1.02754895544545,0.975529646249613,1.02193667020163
1.02244012607531,0.965034706486929,1.01236870525813
1.02430514001689,0.966523333515169,0.998112080789513
1.08024633524162,0.929947085811388,1.00563836487034
0.94075385826298,1.06815708139654,0.981836275978966
0.978935380711099,1.02477001128837,1.01677616970301
1.04511469529754,0.976674327459686,1.02219242853073
0.960712732953634,1.03832250875588,1.00158579152979
0.985022633511132,0.986805031857346,1.00701175339747
1.04673548884788,0.932403372416783,0.991955759907633
1.08357766459158,0.896025645982366,0.996466089852555
1.00998040440127,0.985644244708573,0.996172557456356
1.00338195089353,0.990175498972232,1.0068683574646
1.0383465949607,0.945281126164614,0.970106479922973
0.916576424084478,1.08137958327534,1.00825381827504
1.00100433731034,0.979854389014963,1.00886879666491
1.10893062373686,0.899884749983922,0.993851011396941
1.02866005176833,0.982756204037177,0.990407972255227
0.902102275110005,1.08897486377081,1.01940400364391
1.08006588257926,0.942950531390515,1.00397010720729
0.970929731634921,1.03456442561022,0.991187684996627
0.988201547868392,0.997273888889101,0.993683049963717
1.07701407489849,0.929466003586743,0.9970920970916
1.05894477088981,0.92615282255625,0.998382064547093
0.997051965309215,0.99556921498021,1.01515165036119
1.06840303322687,0.927085152912457,0.984913397750317
1.04842594902985,0.961964111406562,1.00024258417757
0.960783657070646,1.04784478173436,1.00538059135877
0.989512151756848,1.0203849983258,0.989402186535572
0.970973217973266,1.02073397023325,1.01729842561176
0.944991375996199,1.06321183975173,0.99146702526001
0.945596839406141,1.07931716681989,1.0152602868627
0.998919697436489,1.01234049765392,0.983860202689328
1.00585387946662,1.01932147290495,0.98028872710775
1.02741821739376,0.983666114451419,0.978060736844571
0.959529800319461,1.05832424041876,0.993919311389135
0.927211028039592,1.08097596759924,0.986255146770905
1.03094832625766,0.963497577000348,0.989125478407402
0.986169732631509,1.00584383272505,0.989961208918799
0.947888097784838,1.05762080387197,1.02000582024376
1.04382998609236,0.965010774489572,0.998876304453598
1.0960817445952,0.917030193803515,1.00948921588524
1.06425754302001,0.931331760127349,0.995118784583062
1.0787919811866,0.892649297294867,0.998167237132044
0.993632937609998,1.02802014142176,1.00598235095745
1.01746900466094,1.00938158200043,1.01874426187013
0.926734797955306,1.08392642527422,1.00654406705838
0.972721498934117,1.04258256875328,0.986285135107188
1.037192564823,0.953038276467052,0.989083361031096
1.00306032572336,0.99422570112007,1.00327691249294
0.949164792486458,1.05087874038551,0.985168426817257
1.01695084351654,0.963454935060238,0.996768489254521
0.982042606729876,1.01329973003882,1.01540695504222
0.966738704630574,1.02033362546952,1.00076352266922
1.04311955293801,0.993809377006231,1.0081384027866
1.02616131417696,0.979420570055289,0.988928392089715
0.975701451707244,1.02345419497984,1.01395669344372
0.991070980279097,1.01555564687571,1.01054038203393
0.955223269764137,1.04857290254497,1.00329566463118
1.12979461022468,0.866057284654651,1.00723868961201
1.02937390605435,0.953015573730852,0.979484906233519
1.00895551149317,1.02079854821672,1.0012876481567
1.0017494507655,0.997709980906078,0.999769142076557
0.94753827209979,1.02520853297549,1.00972339878248
0.955683195086662,1.01862905567771,1.01530274068806
0.931335965183916,1.06777401161923,1.01212302671735
1.02574548724537,0.967971950639999,1.00617049122518
0.992807661628279,0.999229154566581,1.00392532109501
0.995439447402622,1.02236945225554,0.99763161221307
1.11273158196324,0.897636989691881,1.00569572550408
1.06195197911905,0.93722477980875,0.996559800943635
0.919483164899012,1.08009507900595,1.01489394019398
0.982335131401171,1.03047972370974,1.00106348420731
0.973027361097255,1.04043560265845,1.01087604000119
0.984832441277785,1.01418959990552,1.01391995016504
1.02330057546939,0.976620394418598,0.993738281236469
1.0084512899343,1.00157839650999,1.00441423878306
0.99050944604233,1.02280422337954,0.989523058083429
0.987921731219321,1.0103168279559,1.00788315950883
0.990709779266682,1.01935377271942,1.00265637759801
0.929385757370838,1.07619565413176,1.0094053561272
0.928618664325155,1.09257576180341,0.996969114604527
1.01375421300965,0.994477929308792,0.996537521694468
0.917688739474592,1.06979572486837,0.994304444274901
0.981472939428119,1.0177647237124,1.01303109091377
0.875926334945785,1.11963904311077,1.00229217752789
0.968215748304819,1.03035078317476,0.992082457926796
0.955016017670885,1.05119518445781,0.991639917282872
1.02902421091095,0.963980147062976,0.999799937917035
0.9778868732993,1.01250541050538,0.987564303697607
1.01561129118732,0.962450280649623,0.971669357963108
0.947556301029105,1.03160194151626,1.00014727015618
1.0502527661067,0.947764810127846,0.989940976467379
0.97869474714219,1.0202761935298,0.992567312130718
1.02376719185387,0.965408085171223,1.00744628652193
1.02314429794616,0.995713034411906,0.990433289846856
1.02412712747279,0.956496836256136,1.01678851923919
0.992633820305037,1.01349390800021,1.01939570236718
0.995629517691953,0.989390283029974,1.00121096881268
1.05262966841782,0.949452949373067,0.986108022590748
1.05269152056754,0.968285500809138,1.01507217668239
1.01072749451117,0.98101633862146,1.00605359237082
1.0023157848272,1.00544362670881,1.00361131612524
1.02603688494029,0.969447265333838,0.996824438814819
0.950742039750025,1.06175228394814,0.985949786793298
1.00888606886796,0.992544803701351,1.0181684063118
0.959821100933211,1.01540787994058,1.00480887913045
1.14577970565414,0.866711464247184,0.989557544209795
1.0177675186121,0.96560778333891,1.00397541349724
0.940421815870094,1.05794587006385,1.01326204515852
0.989276114512791,1.01086771429434,0.978951827773792
0.976932635748688,1.04132374420583,1.00415731867278
1.04076039699281,0.942550101283172,1.01021075316727
0.992509153537593,1.0164513814883,0.996792453489131
0.990964728685979,0.985811510093655,0.99559285837082
0.976429438371536,1.01441295953227,1.01181855067711
0.861936667624738,1.12983216891247,0.976706007312063
0.937533766078292,1.05287959276864,1.00085020186361
0.995431262870862,0.994614335290331,0.995752264929942
1.00010161115968,1.01363055678197,1.020167211804
1.06446488266262,0.911818997221199,0.990551085147843
0.879880115856207,1.10995608605342,1.00314464472087
1.01699604262427,0.989393474161401,0.995480997855379
1.04617620818649,0.967469427418162,0.987482509553037
1.03511090843655,0.960347490331055,1.00126058984708
1.00620773922182,0.970832889630989,1.00553572949673
1.05979620339276,0.949022959623806,1.01515736788196
0.986601641489388,1.03212073670408,1.00141719415669
1.05676120274568,0.933570794872813,1.0083382805501
0.996192722915217,0.981077172017846,1.00646399513759
1.02586989666901,0.981930293467115,0.995145183878085
1.01015849359344,0.993029623446091,0.990163302757302
0.99663185650627,0.99458794748562,1.0014648254363
0.955217256750842,1.0331883917243,1.00296489795736
0.966591273749905,1.02180572698894,1.0135722682948
1.12798948723077,0.87131814001253,0.984172578196064
1.01178549361575,0.997111189630604,1.0096472245519
0.969315886373985,1.04389063362685,1.00268712296361
0.951933726159611,1.02236443627394,1.00367118272626
0.995624980095251,1.00599956491423,1.01028466478858
1.05901810138652,0.931392578796942,0.986690199624549
0.958365355794359,1.05061138228273,1.00054761582837
1.00255516216241,1.01836389179472,1.00305596273587
0.987832121006956,1.01433635822702,0.997879610639831
1.04569664801822,0.957939904194339,0.991668858516537
0.965170347951913,1.02153557712512,0.994044229565889
0.980797648346515,1.04410349804001,1.00557984373897
0.943901406328922,1.06925606537507,0.995950050617692
0.937330332300576,1.05736603392079,0.993052438158016
1.10296451499555,0.915763302674433,0.997027625113968
1.0285190579643,0.994081960169619,0.99904859575619
0.96543530081982,1.04430894918365,0.998095038680136
0.903864492676531,1.08244219246544,0.996993543789532
0.9465382855466,1.06417011616037,1.00134426373907
1.09735840630941,0.910436115213356,0.989807201215733
1.07736065434577,0.927562369863849,0.996823542087568
0.953174333227735,1.04450509464827,0.985281429481468
0.942179169621585,1.02545102480097,0.991732388671291
0.974196139031548,1.04403498665797,0.999963181659216
1.0367416142585,0.959024621998895,1.01828635272338
0.954627279113655,1.0392999589558,0.99727310470469
1.02948949611275,0.984654335313675,0.991378628919627
0.981115171919106,1.01384386159064,0.974964946171094
0.96499449810567,1.01214229807873,1.00491468405237
1.0623251514531,0.943578624154195,1.0037685832923
1.04077102962781,0.940759760528014,0.995491031165141
1.02797431676516,0.971161487212609,1.00426993900148
0.975028727240834,1.05578163958849,1.0034557083546
1.02053615289334,0.948393448801918,0.995898252351435
1.09872125570038,0.914072165778715,1.01801267271088
0.954682364920063,1.05627530895442,0.992839153635466
1.02444438326759,0.986035892445361,0.99088633898413
0.920156770042629,1.07678085776996,0.991176651433825
1.00291331974689,0.981037968096003,1.00583064826975
0.946353240188524,1.04338197667502,0.990259323297042
0.919085134143414,1.07282867875427,0.997880407964092
1.04016185454285,0.969217907720041,1.00340504604043
0.915599249231567,1.08715826226119,1.00673845419556
0.92834963860978,1.07055218489121,0.997582372217924
0.979062031625958,1.0002125731899,1.00690675885289
1.09529323496119,0.893694218967216,1.00470212907107
1.05451325917826,0.941673780076218,1.00029889665576
0.915743648770833,1.08471534561121,1.02265944995365
1.08258939401681,0.926703421330404,0.997948097698851
1.04471938269841,0.958644113057878,1.00268865172893
1.01835410602343,0.97750450535669,0.99505834169512
1.02538263750017,1.00038433321717,1.00507380182681
1.02197881880129,0.986912597273096,1.0192375918746
1.05053834076625,0.942996946148927,1.00954078237886
1.06431083835327,0.948422991765051,1.01205101884693
0.957570836753761,1.04402110551964,1.01183166362454
0.989452261279114,1.00773070468402,0.994177174906245
1.00496916048067,1.00352601710816,1.00030351592131
1.066635184537,0.928520704627502,0.98649219641055
1.01749441989476,0.97001257370725,0.991848755928472
0.976827920664983,1.02832114888365,0.997480127166405
0.988582375423327,1.052301793175,0.991097330225888
1.03379950957399,0.96500715628199,1.00598914896091
0.986966151726263,1.02218883699993,1.00028533272779
1.0356228958729,0.965453105555012,1.01600186349091
1.01523944265316,0.991729650456318,0.993148444535047
1.0015024572837,1.00653934719512,0.998048647193868
0.900791933577406,1.09287418533373,1.00548139686731
0.984603934131539,1.02026501987776,0.992761542283036
0.988217570678277,1.02699228493464,0.993431428145652
1.02914685577579,0.982484987245221,0.975404309031876
0.990298269588456,1.01232103187408,1.0041428645095
0.963544913881721,1.03336935805623,1.00083437442586
0.999308494440152,1.00931052155621,0.988928344534317
1.02852155925535,0.984242378716028,1.00896248533467
0.972194798709854,1.03886680989645,0.979543946672782
1.03228655202637,0.959246354602126,0.993909117673786
1.01332195935247,1.00412248411939,1.01163301347217
1.04768691133457,0.941971973345026,0.990180127422905
0.977126996293555,1.01569305591272,0.996027319221828
0.941709175964811,1.03803181334207,0.997726247885434
1.02865400326379,0.984125832101853,0.992725408113646
0.951824234230434,1.04606005284901,0.995729307972304
1.0063289414356,0.996173397379272,1.00919899945221
0.974136266113756,1.01647509665346,0.993447596723842
1.08293188899748,0.913290032388478,1.00712004221291
1.00857858340866,1.00462042954852,0.999632982957099
0.985237905547033,0.995156752959575,0.996965439822283
1.06156189832774,0.968195893016662,0.993989494474273
1.03159883381871,0.983864600486308,0.988677749371635
0.971159421276903,1.03001600292213,1.00337801725497
0.952004823536605,1.01632201829564,1.00183631897024
1.0532971107022,0.936365227541121,1.00313378362591
0.993540617002293,1.01419552680395,0.996129267215904
1.059801682738,0.937671053590464,0.999798977049958
1.04572818255761,0.947170156986298,1.01311772700321
1.00619935840321,0.972678466320836,0.987787850552826
0.959843372779773,1.0392419957899,0.990811782213998
1.01212261156723,0.990389319895458,0.993353647525052
0.924547856712469,1.08194847282983,1.00274424779528
0.937062147070583,1.05258275095787,1.02470276101597
0.978981362929015,1.02165010557787,1.00291136545116
1.01396037270394,0.971925070389135,0.991755765001639
1.03766650861746,0.973983049391502,0.995279185513679
0.923537847651688,1.07803787237934,1.00598677380006
1.01614829670634,0.980734616406643,0.98844828927423
1.00184867075338,0.984016018831791,0.984242467457083
1.04066097099054,0.955692181173672,0.998931480946943
1.04615092378653,0.968592150047538,1.00779444709704
1.02512150307611,1.00240784424389,0.994802268676552
0.953262138177,1.0342668148303,0.994377296891801
0.944499512033265,1.05071980860188,1.00187580304716
0.977681724235899,1.00209290097858,1.00537133162445
0.990669639349535,1.01882834381988,0.99081260162411
0.954495452252518,1.06066452119674,1.00814557827574
1.0931519606687,0.917318211826903,1.00665422847276
1.05635111280814,0.947897399262102,1.00163413369752
1.03287154396549,0.961031501491918,0.989980232329846
1.09763655351036,0.910790045031707,0.988559435894284
0.993431767871209,1.0021350820304,0.993190267874968
1.09936657564037,0.902237953203484,1.00006120657938
1.02546039900205,0.967817485059161,0.992933349563602
1.00175466960319,1.01485114041951,1.00313943267549
0.900028236268586,1.0751237790587,0.998957487565013
0.992787419147209,1.01384973680862,0.994634155266399
0.960536656841275,1.05738776508006,0.989480137521603
0.977192412789437,1.03021498075952,0.990779218753452
0.964070083134791,1.06036489079687,0.995528051962064
1.08273841869377,0.903883208192476,1.00505149267654
0.904161843984395,1.118045019993,1.01908955857312
0.993877446388604,1.01974999648912,0.991772275505314
1.01027640992596,1.00082156960005,0.983380969097997
1.06678834507206,0.9460836215559,1.0094640763323
1.01569382716877,0.972137905804783,0.994375950533323
1.01033969625596,0.988084956395106,0.992764640579243
0.957728469870031,1.01419304555909,1.00216020763938
1.06107580336134,0.928766550919022,1.00147344395921
0.905267029110585,1.09441556438907,0.993599157329003
0.967998096354916,1.01662487903747,1.01313589339375
1.01659798791893,1.01399822720018,1.01542171067035
1.06384737820234,0.899660656132045,1.00825379508986
1.03522817471457,0.944757865712264,1.01072582813469
0.945668486521909,1.0920920444914,1.0127828609996
0.92906199048709,1.06026735474198,1.00111711263485
0.954227555924036,1.04206635269299,1.00598952719652
1.06406349017159,0.939813980065951,1.00999866841649
0.910890933696113,1.08038514445872,1.00113422026314
1.03439428773312,0.956339033965745,1.00163260963675
0.97249465236958,1.01675705149102,0.986480370330487
1.01858002238048,0.971168633025771,1.01775765977383
1.00505966886886,0.978821032753958,0.999707218989714
0.998738936909282,1.00284561096967,1.00280012748282
1.02700215323734,0.984655053703185,0.994009604070925
1.02099218918594,0.986871607862882,1.00771186538933
1.01921890483925,0.972544567196202,1.00650677693776
1.0602446952165,0.937610393225157,1.00016825328775
0.945995423266386,1.04301105662897,0.998492731361658
1.04033641047568,0.970357747186218,1.01036749910793
0.940760412599682,1.04222534615677,0.984678992263086
0.953704985715096,1.04988089702913,0.996696634461841
1.07443954075497,0.939186822268769,0.982176072408909
1.06963298679875,0.909701256752232,1.00521959642116
1.06201088281475,0.93265330821811,1.00302853727124
0.91195733865885,1.08646227662853,0.993120509924174
0.986957045670195,1.04586803687418,0.996783914781337
0.992593873432263,0.98842825150588,1.00784539802367
0.939029495927735,1.06842715021912,1.00921295292383
1.1208019565589,0.870750560051675,0.993286070275148
1.00367284808925,0.99344855708945,0.997217492938252
1.02005013281189,0.949458568516289,1.016100519164
1.04196547624238,0.931538004471848,0.996027831738768
0.989483877131068,1.01958444592002,1.00036116734887
0.956534115106007,1.05939608316603,0.999600866262234
0.982500434005589,1.03490839369491,1.00918308051053
1.092182671501,0.893856518087261,1.00095400256051
1.01410068986372,1.00946422777676,1.00045498679432
1.08659620044863,0.923746455308492,0.99707303267772
0.876637338655166,1.13495106128931,0.983989310311593
0.987842691268618,1.01478286629429,0.999333463554517
1.06229585270218,0.926388063639433,1.00164159559803
1.04940797602904,0.963077941280924,1.00941574009622
0.955066062085273,1.06624482714436,1.00100498552808
1.04255968706841,0.962657848418774,0.996112904695911
1.03563667509349,0.972081191649744,0.991115296653868
0.989846372594166,1.00535486089851,1.00922492054879
1.00403748143709,1.01458222873929,1.00480754942633
1.04150852196131,0.965168226268151,0.992624749298882
0.944752263097958,1.04377512730973,0.989673280408061
1.00509659875171,0.97959304237959,0.981356627728399
1.0702335603672,0.940128499713542,0.99906145550021
1.051370736084,0.953500847397886,1.00122173730492
1.07456508679929,0.907632703012179,0.989503831537629
1.15184327721627,0.845666795695508,1.00098216552807
0.930604404974544,1.05777614752044,0.999140452569932
1.08514116569785,0.932173461865151,1.01188365035322
1.01511845943834,0.970511733127805,1.00570427511305
0.893695400473101,1.11269336045999,1.01231891966129
1.00027202533876,0.997117522616796,1.02602634302042
1.1007383196119,0.868276916925634,0.988366846264295
0.952034548544514,1.05476842484493,0.984175815857115
0.956258956991381,1.03637199394361,0.985036971305106
0.971256204432454,1.02279866232036,1.01684632210559
1.06969491302751,0.937778453312896,1.00744680789614
1.04554077764011,0.952442064271694,1.01325375955456
0.968459737952017,1.03001808462682,0.993292919465592
1.0053974133116,0.988192741212492,0.990724321704021
1.05951790690113,0.947923123196356,0.998457988197253
0.979110793546233,1.02989173427838,1.01483579955299
0.94652970519823,1.06831284747545,0.993378342201583
1.07113198461697,0.919703451405359,1.00535920177214
1.03625771346313,0.972217837111134,0.998721335629285
1.12169394290801,0.880332626211588,1.02209876789623
0.956400222303977,1.02182468914876,0.998994056024113
1.01620588214652,0.986572459677434,1.01033827847075
1.09589278387848,0.896925719079777,0.996485400535927
0.95844584439978,1.02045284710227,1.01530101944167
1.1025478051398,0.896059156104465,0.993159345595302
0.983057078402546,1.01225508449486,1.00780259661403
1.06084434386182,0.932943471526046,1.02004096481812
0.965960049709481,1.02570406924387,0.987551404977755
1.10033611620161,0.882800031377975,1.0059650242582
1.02091694893449,0.983953258672474,0.993098539076009
0.98093354959795,1.00997828581012,1.00036876323023
0.989361541211153,1.00349803472506,1.00214988803635
0.956320284194778,1.02459644036377,1.00541945279362
1.0419612986138,0.966275031269081,1.0080693229019
1.0080703355785,1.00279679323574,0.991564767788324
1.02603305603391,0.967993008773947,1.00029012536912
0.937905812957703,1.0588123541,0.989494757328265
0.958992644266042,1.06589953499312,1.01577223942191
1.04862149163263,0.971213449647512,1.00200350000479
1.00440499038412,0.965222617714222,0.979044275497
1.02452853981282,0.977001156707702,0.991974653293441
1.06336444309242,0.91430142770841,1.00025049275314
1.0151719245322,0.982108770200807,1.00670781214054
0.964961343194772,1.04028133390411,1.00164773072404
0.941702041660782,1.04166824981624,0.999288985801562
0.928084661690762,1.08005320495856,1.00140933808043
1.01970591168715,1.00056595002713,0.995706547923767
1.03909103328223,0.957386629953648,0.999292486212187
1.02597836365169,0.965559293673927,0.978770253801353
0.971467532160964,1.01792609070526,0.988713901552956
1.02430336114994,0.966666383152857,1.00768261235753
0.912018058763685,1.09091593604899,1.00826759331612
1.01338106537866,0.977797456837749,1.00457874593513
1.00294960506155,1.01416327438876,1.00604903219874
0.994401681181257,0.986102650184527,0.980187246304447
0.99992730051219,1.00044650643109,1.00431791078602
1.01351194480351,0.984330308506679,0.989238061258543
1.03961696492588,0.974579387663754,0.98241567786565
0.915710093509345,1.08742040509361,0.99491845446809
0.912965228585824,1.09621198833417,1.00472357833187
0.964481037118496,1.02761106838024,1.00966319406386
0.970715833852798,1.04974437456771,0.992518665779144
1.0796247639686,0.919939868382659,0.988557700993726
0.908923909281247,1.07995594235729,0.992879476073462
1.0392939719386,0.97472617999284,1.01024903595597
0.987931072408692,1.00119565053818,1.00918766502309
0.899726267542183,1.09271150942538,0.99534298696792
0.972548074826969,1.03242752812607,1.00305866503613
0.940108647544855,1.08664571890548,0.997305002992676
1.0046713800903,1.0171035443212,1.00311020709671
1.00633510917377,1.01339154884634,1.00215969947309
1.00552450651282,0.997323561674253,1.0138270537761
0.997732326165845,0.998044457221691,0.993596000252909
1.054766218501,0.940464521665257,0.994792103975086
0.979717578282552,1.01967736343938,0.995352709766566
1.01322104566391,0.978431114366756,0.996549195618105
0.952741186484396,1.04303069673651,1.00396938407822
1.05073654832665,0.952581405898992,1.00650520645133
1.0254931927112,0.987626278989927,1.00352613421409
0.924327457552923,1.09294492070449,1.01865495351404
0.951262293184464,1.03573608212937,0.987338901038389
0.970281456109235,1.0109547801875,0.993420286142414
1.08776835221217,0.93021770348658,0.990270701353777
0.904017617535032,1.10939541176892,0.98658768636074
1.0222496365195,0.969849799120503,0.994607448410062
1.00754793765565,1.00220096870086,0.999616591609987
0.953324666735675,1.05800783913312,0.992304631619197
1.02716726758236,0.965723401625516,1.00473630977559
0.991297887983927,0.988871502248897,0.99764000586157
1.07760217063836,0.942533382918642,1.01350451035828
1.03150786339315,0.980350799676019,1.00825238768385
1.12879219358094,0.892199675832733,0.998748602102463
1.10013357015091,0.901000317802198,1.01990974142822
1.04549375740894,0.956840345247736,1.01623656987116
0.978232313473221,1.02206678462535,0.977341901093089
1.03052166924074,0.96155673004474,1.00532573152807
1.01325257659849,0.971619438081837,1.00837313254294
0.952057671943741,1.04689659623896,1.00795525481818
0.862689225236794,1.14310891724761,1.00926926686244
1.00167709451348,1.00669765791138,1.00160018992349
0.974049217089042,1.03897125583754,0.995438125246492
1.00059034185068,1.00167178379436,1.00652873313823
0.929098927328542,1.08606312240656,0.998170643420991
0.932515152084861,1.0547428625521,1.00891177719447
1.03421461499239,0.969371194241391,0.993752721688989
0.918661694274466,1.08735427856159,0.988445358105137
0.929120688573152,1.06937421421462,1.00265786833443
1.10615896812276,0.910868249779819,0.999521067666581
0.998709830945124,0.984632955768713,0.997792223008696
0.95832921681141,1.03048554617253,0.995561221552032
0.960416782912879,1.0481002234289,0.989304181925394
1.02651148504282,0.966601214140276,0.993767847067649
1.02721259221523,0.9929378430891,0.995619152495439
1.02248894961983,1.00261937848937,0.991111792286656
1.04764334255903,0.956647271021387,1.01333440550822
0.98769812499691,1.00748845275657,1.00742585185967
1.08868466860859,0.92440817584718,1.00764673655227
0.966831117090793,1.04943923344755,1.00032187623827
0.992231762427034,1.00818913472022,1.00728326981255
1.0055642585271,0.998557139077874,1.00108638371901
1.00913140168697,0.98229613833534,0.981866202167057
0.980057232284177,1.00914871308336,1.01278307798324
0.904409688222234,1.09422699492273,1.01338953824678
0.932471302994273,1.06364237099946,0.988608680742839
1.03034740387914,0.995668830803714,0.998112088914175
0.920199292718722,1.05600999488907,0.995668404381266
1.06836511162074,0.922860482250252,0.996178289454348
1.02267735726379,0.995432920414524,0.969159080189517
0.969613318621912,1.01524398757056,0.99229465111101
0.95397032792591,1.05168157967386,0.997184479416543
1.00770197775997,0.979249761180146,0.99230484535402
0.884237430083866,1.1263221580774,1.00072494322032
0.932954926088255,1.05199352635949,1.02110910132886
1.03163712070014,0.971214022119433,0.997194519072668
1.12777602530226,0.889500709695373,0.998763305178361
0.989271593052631,1.01483155031211,0.987767844907824
0.937344029535948,1.05906969986289,1.00817395566525
1.06374762477827,0.957757337014244,0.9887964578265
1.0500131773283,0.946670887706551,1.00530873662089
0.976937894712318,1.03627501347167,1.00354990878089
0.981538460915815,1.02956124956677,1.01828646299453
0.959761923698479,1.04820259750509,1.00443257066175
0.96789278039612,1.03920866118924,0.98866926410985
0.944807960064813,1.05574028273308,1.00563734644835
1.04146150895619,0.946829308530339,0.997407699873392
1.06107079313559,0.945749181408074,1.0073244201636
1.08910043404189,0.91144283551316,1.01268400842701
1.06843912180148,0.930364727605443,1.00640602553553
0.991525610087208,0.992626841804745,1.00811250950213
0.983279223811515,1.03147098724604,0.99401902113897
1.01601773673122,0.986145462201241,0.998810324746876
0.970875403513209,1.06432122856056,0.999727175766415
1.07655544564486,0.909282079063665,0.986330222811737
1.00906330033163,0.993804550909339,1.00171224130118
1.08269253639704,0.90168510855588,1.00417242899946
1.00548375761751,0.973223085523339,1.00438892798611
1.00582215345891,0.988700441333142,1.00124785172157
1.0182642074806,0.962437292278763,0.983969257974766
1.01224982884825,0.991587621090403,0.993990175936318
1.03888453573114,0.975216762873861,0.997360908836064
1.08422637904347,0.927173389386178,1.02248581936107
0.943658922468607,1.04337645424687,0.999604492381934
0.967337874991692,1.03994185458535,1.01528077557729
1.06477297173986,0.946186233033993,0.97866288665252
1.01457454991014,1.01369588326279,0.998139676831369
0.984279218326012,1.01969998187608,1.01418017728751
1.04339150281692,0.967546037954852,1.00771438466196
0.973165734253327,1.02722545493578,0.993268542628222
0.99080215055582,0.992739895253279,0.993003070742741
1.04382261090215,0.965640038763084,0.997791015374881
1.05565358238659,0.939163698279618,1.0107310586189
0.927223263663746,1.0927615903369,0.994228996254573
0.990232141606294,1.0374965113788,0.979982250101286
1.00498665570798,0.972849933230562,1.00210221234354
1.01152451923216,0.954804311401017,0.996133838076992
0.982817088128185,1.01915110173206,0.994597479989726
1.0291174947033,0.977569200403333,1.0000610650486
1.01795651309815,0.982389315433342,1.0131850976788
1.01839038594303,0.968742933590367,1.00723113757384
1.06824351440297,0.927849894307327,1.01246808583714
1.0018688850612,0.978582727689251,1.04037118552375
0.993154484146305,1.02018250744988,1.00166220415191
0.918488353845394,1.06149838241403,1.02258566062484
0.945808235091282,1.04796425462952,1.00529253725086
0.91767252129459,1.08236353921739,0.991564853211804
0.909016239742767,1.07641480056787,0.999589533976531
0.972672247994778,1.01268584984491,0.994213392231155
1.06977149885895,0.930057087585908,0.996614305752268
1.04668075190581,0.968146013986744,1.00502501374958
0.9032366960571,1.08618104319968,0.986044777976186
1.02474321992293,0.977638159999949,1.00183449206332
1.05104014702942,0.950672301544496,1.00271370837231
1.02641763591813,0.99103039747998,0.987723969910975
1.0758500130568,0.918989063207661,0.99578505619289
0.915104270973895,1.09468851104732,0.996571866532313
1.04587639952516,0.982474126316269,0.995017960749946
0.988758611970843,1.00622121751637,0.99047509833752
0.916448132677633,1.05745845929465,0.997118809843851
1.04836912516005,0.952238760601018,0.978162046069794
0.994460036204819,1.00181619529348,1.01029566507101
0.916331828781686,1.06560077958399,1.00866533738152
1.01719680195723,0.985012185671619,1.00915199347824
0.988075195014054,1.00912710130488,1.00055059547821
1.01611307491109,1.00047960853279,1.00730882389168
1.05476337237574,0.93333909155883,0.968279526278586
0.989656498010323,1.00583422704458,0.994170677493455
0.935832503648513,1.0514631414641,0.995335466442386
0.969328813579584,1.02245267187592,1.00420807544781
1.00055538870945,0.99156475718005,0.996477597042566
0.997816106463551,1.01101268123754,0.971815714983421
1.04432273047962,0.957061360983447,1.0201297379517
1.10327623193549,0.905040073363954,0.993182783966904
0.964138494616944,1.04898589271419,0.99464670281692
1.004638874947,0.974828742218078,1.00847024603546
1.01147200954668,0.984154752778283,0.985872984291826
0.978491364855274,1.04520195779423,1.00111488854774
0.990196327074908,1.01378651046957,1.01415752193828
1.0083952309489,0.994421275633296,0.994830009888787
0.979749535112721,1.00107708023122,0.999997435007952
0.974430588659022,1.0110209498794,0.992518345780006
0.876317959011936,1.11427117377358,0.999765814403793
0.93509876102144,1.06719845603625,0.981747968388579
0.970622425095646,1.02973513263456,0.989609093465641
1.14185059714621,0.843048776892546,0.995524880056841
0.96472428855611,1.03247767491585,1.00488579559915
0.909574580944122,1.09392768206139,1.00016212516762
1.07030955383563,0.943949509200797,0.985592536767849
1.02195140983668,0.970484377848703,0.998637642314388
0.940733366870798,1.05603133160778,0.987453111174454
0.966271514012594,1.02898201612318,1.00465007944978
1.00795464265469,0.995961101504267,0.991217155205913
0.977193225727251,1.01880999978134,0.993799094583912
1.00119196971099,0.998977355310433,1.00473645120407
1.00029773200468,1.01004878906416,1.01425964635301
0.978099576609481,1.01183204568086,1.00851061423884
0.964595996909426,1.02335513429512,1.01188287184124
0.969167360468018,1.04518042361998,1.01283931975443
1.05894083651399,0.966328884399091,0.995520741423508
0.921197142591134,1.08963443492267,0.988067825830104
1.0390137850738,0.937587640792487,1.00752264470815
1.09248797029137,0.926316161673527,0.994597564492622
0.961723042384081,1.06425312841486,1.00002560412524
0.896976624837083,1.09401114936098,0.991224587383359
0.989693819158222,1.02197494502226,1.00208614567149
1.02100664047841,0.965119791904369,1.00610519626517
1.03371857808377,0.997169024084194,0.99878911059216
1.02224644167422,0.978886114241333,1.00542923378695
1.00051053111362,1.00212841208077,1.00339677682128
0.931739029448343,1.06189299763642,0.990142001513173
0.934551350949248,1.06515778377134,1.0072333300861
0.93221339582972,1.05639100451801,0.99722292302114
0.947139825033225,1.06191390629157,1.01168032034672
0.955048671346738,1.02771481818099,0.995457470029734
0.966772385203562,1.05882186644218,0.996692091535129
1.01108184432183,1.00371731902572,1.00083023980316
1.03854257386054,0.972832491216248,0.988797954010705
0.962261543922152,1.02423534203635,0.982803837757477
1.04048165650931,0.969581092012118,0.990988560618205
1.08188998579091,0.928932509430714,1.00202198446596
1.01737524278334,0.98603923033768,1.00277884828125
0.990434185482914,1.0300012706003,1.0014729102285
0.970078675786687,1.03866599649333,0.987047700270068
0.987069089176843,1.01317399880825,1.02234200684015
0.94304987977815,1.05416333135371,0.988734814832196
1.08178409118747,0.911279629537427,1.00076563517708
0.980419980178857,1.01019608574497,1.01992960268994
1.06971287457895,0.950568357266881,1.01303196822809
0.980890890396058,1.02621590712974,0.999037403013962
1.06058990008803,0.933099167284621,1.01166587604853
1.05458356414148,0.945953909260928,0.990005465184214
0.990142795057735,1.00485781628198,1.00318758841636
1.08657721208727,0.908998469718298,1.01092005460052
0.977230268289788,1.01929625050556,1.00483355954723
0.960056221971778,1.04134697925552,0.990044099398737
1.00156015045955,1.00047717867383,1.00688530996069
0.97328450204813,1.00481765155176,0.996541296530058
0.919387191526182,1.04830933757916,0.991658053295962
1.03411201569951,0.960139547143737,1.00111951058431
0.889039646676967,1.117360863331,0.993082619401362
0.900111728133727,1.09560978850288,0.990070869777899
0.978044361909499,1.01631954700509,1.00131597026435
0.980720575465376,1.02431442247334,1.01197826216156
0.918138587005287,1.07093171841331,0.994697430900966
0.952071070001738,1.05799563056835,1.00549660927339
0.96284695843634,1.05968596726574,0.997713392826848
0.999385128302325,1.0109655383625,0.995660035177153
0.992868871005352,0.988913038583246,0.99725690014272
0.961823032572991,1.02002842653864,1.00448098654358
1.0916954500073,0.90785297983567,0.986781071372939
1.0377502060949,0.958862928903178,1.00356303620147
0.994419397483515,1.02295412394723,1.01937345295042
1.04563448549638,0.9447133400766,0.983433891551673
0.994633495906066,0.978029251068317,1.00180686193824
1.05667213582212,0.943160904182759,0.995719302552195
1.07362614192533,0.944607565933893,0.999013094325879
1.05114536798614,0.972872445342745,1.0099235573445
0.963333991990304,1.03489527815516,0.980747802612905
0.954437470366456,1.05377773125347,1.01071153384189
0.926112071436938,1.09128790338993,1.00618106146927
0.996722178138401,1.00449781613411,0.997243396523209
0.950001134035036,1.06036380766305,0.999757752967665
1.03458382195649,0.95067958222367,1.00250512599577
1.03363789190082,0.978917198934393,1.00754397122636
0.999909997828268,0.993478217382742,1.01162922261695
1.06764593111927,0.903504230658333,1.0093995844875
0.931710320191069,1.07998882575872,0.98599959733752
0.999276661595946,0.986709308613554,1.00816214900936
0.980250161264494,1.01483565606911,1.0042003004934
1.00488996234441,0.969636850653589,1.00250752163897
0.995271931227223,0.968927119919101,1.00720021521308
0.902786599290403,1.07915903600175,0.990449748186992
1.00185182003817,0.989557790029385,0.998774174662647
1.06728869318433,0.931529785814193,1.0109694765933
1.01863604172029,0.98140163828822,0.998804826552331
1.00437386443837,1.00309298062787,1.00132032579184
1.06790803105011,0.930841329423357,1.025246825496
1.04942108055992,0.953247922230039,1.00408466577224
1.00918378980979,1.00659197377048,1.00079154783568
1.05772311214582,0.933946399172136,0.997476262943213
1.04609623555686,0.929342786230869,1.00604482448185
0.978784982778559,1.02032938624973,0.989031424335416
1.04187983881035,0.944577262309985,1.00296439198311
0.944425415880724,1.07073283473018,0.978600972355358
0.974419367687344,1.01291196896314,0.992946533866493
0.967846173520508,1.03620122523735,1.01855916875912
0.991276387679312,0.9989629544504,1.00073126961595
1.02027954736832,0.976474408719983,1.00774240193309
1.04149015694897,0.958011579237689,1.00062769720358
1.09386088809838,0.902018333353732,1.01839717882494
0.97214202055289,1.0365684491701,0.988037901220483
0.902588816245018,1.08947468337929,1.00694218734649
0.99133915387198,1.00339911522058,1.01626860989694
1.01715587789279,1.00928969227026,1.0100689219579
0.919213391224737,1.11229770233788,0.98329111678216
1.05016428845566,0.941897919915772,1.00096039231553
1.01083095244427,1.01105958736174,0.995917756481802
1.00803940946903,0.995565775245913,1.00046201008187
1.03144607863905,0.976751089683749,0.996749785845894
0.980916254548377,1.00121557669933,0.995743131914778
1.02020996507304,0.962717419719776,1.02567076496504
0.903156704164521,1.108317574687,1.00456186440316
0.988663848430395,0.992291781143858,1.0113853788746
1.06361684555395,0.935218407857419,0.985200943034583
0.95703476548776,1.03281204133636,1.0000689374429
0.965514726660538,1.03977854730568,0.984140214299872
1.08541581929372,0.912543452405314,0.990046927059947
1.04454003748138,0.962276317444228,1.01001941758294
1.09222869693921,0.891608434204917,0.98868179813746
1.03967418277575,0.962081156004263,1.01491846648034
1.00383242910365,1.0003782007608,0.988563883136564
0.922413827755996,1.06919055000827,0.995189255527958
1.02285588106199,0.97961272247537,0.992282307506082
0.997683981474353,1.01055961240071,0.987611185253279
0.922500795586556,1.05453251275817,1.00600534638458
1.06796590856117,0.929659883119751,1.00323960554264
1.03206832418013,0.953364218599627,1.00872717813889
1.05364187179697,0.95043204758537,1.00169661476093
1.00529332150254,0.994008056062696,0.985245338209501
0.989177281082714,1.02136976288147,1.0091944181948
0.9910184368902,0.999512632544605,0.995811312976553
0.953310542577204,1.04082725990436,1.00809464268797
1.01061745122727,0.973558148943207,1.01087340618989
1.0188954525631,0.966178067332478,1.00162780395038
1.01240753097254,0.966196667583549,1.00818653031962
1.04295568654414,0.965564681055526,1.00752171498904
0.969639700571169,1.02436968791557,1.00114347743692
1.05707658914746,0.94871163922695,0.985099813269793
0.999694236968227,0.989788717231996,0.99186461864828
0.953500796002229,1.04236864573227,1.00551707925549
1.02323559469573,0.964952021532603,1.00931190520473
1.00080872557491,1.00212486578493,0.985857683973609
0.974140704888192,1.02480467159375,0.999964071224904
0.901795783179496,1.11984935765484,0.991797319753845
0.876641923157568,1.12320721916833,1.01354066101728
1.14446225044927,0.850635265912587,0.989055471145742
1.04694469452455,0.948436531520554,0.988741015139256
0.998424561557663,0.991092552475921,0.991177338028409
0.999653819706692,0.978666052658984,0.991732063085783
0.955364907351641,1.03164445764167,0.982106304183562
1.02823887787987,0.972908167668025,0.993713842991012
1.01736684228024,0.984621630449873,0.997737100562996
0.935214421822127,1.06826851534594,0.999828759707088
0.944318028420577,1.05383948379437,1.00815009336885
0.928468410772577,1.05521692336135,1.00194750171565
0.965090497641598,1.04144912655528,1.01180119309146
1.01811248484844,0.984859956454946,1.0147053504337
0.996971072959512,0.996310295848079,0.996569595815685
1.02278741007899,0.969566301585573,0.99783782461488
1.00826086007382,0.965078085999646,1.00753149546866
1.07492298956336,0.922516933096197,0.990140620614115
1.0631196651776,0.949359949195344,1.00757834679885
0.956302516428196,1.06220431894741,0.991516470923653
1.01636663042269,1.00383185684926,0.988628687633706
1.01741382353108,0.982873024979696,1.00140431342321
1.00876643392973,0.98283072486107,1.00475538479929
1.00408032418858,0.989525368030263,1.00445994950451
0.936332445517924,1.05511832601875,0.986803679524748
1.00699257888243,1.00158486534614,1.00292730025989
0.968955526605752,1.01981763121594,1.0018724692605
1.05831434192223,0.968813011993065,0.996970169022459
0.995443387672858,1.01113592036627,1.00764267605775
1.06035384883831,0.964240777849892,1.01565860888368
1.02650339466321,0.966678882361507,0.996579078610826
1.04796213315573,0.977417978284293,0.98995792811211
0.970134255844448,1.04122395000734,0.97537274292481
0.922863947518677,1.08280485634176,1.00285094230995
1.01368289704025,0.978528115162785,1.0120466646
0.969787133453556,1.03125412481341,0.993752717748783
0.986410204857266,1.00878814737164,1.00619297447786
1.02219304268234,0.968038059891731,1.010162460846
1.00659703572337,0.980500134224958,0.985283698190873
1.0375652433397,0.981622886930877,0.989262547842316
1.05939893676509,0.963320996964007,0.99189285407882
0.984601131734149,1.00807490065169,1.00223434923801
1.00435680115843,1.03453589567511,0.996050047731336
0.983403468318539,1.02086222169002,1.00695015914593
0.896587043770032,1.1161564773526,1.01747505766527
1.08258094951353,0.949579700919568,1.02037117006966
0.969545361871013,1.04681298537329,0.993665595974614
0.999644208049458,0.983314057982882,1.01530798078918
0.932940521609955,1.06981825328412,1.01124088626261
1.00169155926038,0.97185364091364,0.992865392220231
0.989455540239592,1.02515568801478,0.99725857431919
1.00065125230049,1.00054223155719,0.992760687221495
1.07275514469169,0.92189369985138,0.987886660141424
1.09253057451122,0.906628395947743,0.99226707573579
0.981068186901507,1.0105272812384,1.00618209051396
0.989767954874697,0.989001309308834,0.998185907276
1.04716725948006,0.962281978373695,1.00081407566913
0.931312518473428,1.04411593478478,1.00110286465261
1.11149034136859,0.913880930076265,1.00171640339506
1.09478083557306,0.90911033083798,1.01671461594951
0.99976288180466,1.00540062416831,1.00072864103086
0.970373418445748,1.02213963761766,0.990503580616092
1.092822850502,0.906804143258976,1.01272076698053
1.02187511650347,0.963195204802285,1.01085901474385
1.07079567320817,0.923082812015729,1.01322474849374
0.973893407161866,1.04962018898502,1.00930721066468
0.97504446222031,1.02104816464365,0.99670369607571
0.932589919863365,1.04858269482629,0.991579290804936
1.01263889902567,1.00870191913136,0.986285211040813
0.9616216589179,1.04369261082546,1.02149466213773
1.04149773880044,0.971709091419197,1.01345305734208
1.0305316486229,0.956970471350442,1.00175658839584
1.02966829531802,0.962399622043506,1.0002652622206
1.00958913784767,0.992889835798266,1.01142857130398
1.01106867143008,1.01966269107485,0.987251383876394
1.00984327824964,0.993158417317412,0.993730772636654
0.960695399050804,1.02540747617427,0.997607300349262
1.07666912601984,0.917750551595897,1.01106349979473
0.996429279923503,1.02633510760716,0.996653487469907
1.02431090058086,0.990075709072695,0.991340021896133
1.01161224423371,0.990773662956641,0.992421083727884
0.96824041883828,1.02043931651517,0.994120713623128
0.956539632104143,1.04161115867401,0.985760414587081
0.98158604856855,1.01617207606597,1.01794745440751
1.07528700885238,0.920135553236365,0.993023820711116
1.09446452607287,0.915446699629536,0.972534347517153
1.08341020044602,0.902082259212031,1.00815695057988
1.06614844162728,0.954757323304429,0.999162621476295
1.02333817770068,1.00705326382987,0.991393077194753
0.862815979287045,1.11506187914064,0.997546029583798
1.12911396583205,0.870866151825366,1.02759457683162
1.03391558599207,0.949465848418468,1.00355349250126
0.914687935354292,1.08086127399086,1.01336937494039
0.985199976147936,1.01228682696185,1.00778080965726
0.917019098566976,1.09830249117353,0.993961244901914
1.02709213542307,0.963287846856028,1.01084727407316
0.952341140767904,1.052512552981,1.01417724696605
0.99016170242395,0.997885102496888,0.987835715794512
1.05093069999552,0.980804446890255,1.0177022087414
0.988083138354783,1.0183812693955,1.0051656125572
0.961974167848184,1.06037226041242,0.988743222149337
0.943541925811055,1.05645776045482,0.999660473160067
0.981266790040149,1.02162682232785,0.996222587298554
1.04230662624545,0.937427918040491,0.993664892373124
1.0874490700813,0.920062066359009,1.01358690720763
0.98761171397262,1.00634536677756,1.00680511303766
1.00926499034348,0.993859626858986,1.00445268072183
0.980561692526439,1.01859610066028,1.01318601925827
0.935109697986892,1.04738118160413,0.997819637032977
1.01439322368714,0.994097348610212,0.990996179129392
0.973352636645942,0.997189233884442,1.00320794438384
0.996072229016246,1.00726995054437,0.998445317584371
1.00417049138861,0.995592547837387,0.998696220762104
0.925488929220355,1.0438967657694,1.00979606080597
0.970666469701729,1.04235798323787,1.01679946911057
0.983459424355331,1.03790385919812,1.01032902375881
1.02516019293466,0.992709639884412,1.00588024222873
1.03559663420372,0.965161048243045,0.999169116257876
1.03178498307873,0.978517562745229,0.988723014238939
0.946012942399306,1.05454216885937,1.0052590651068
0.975710279224617,1.03713753157019,0.99918691613572
0.925258633723964,1.06517923116816,1.00406866348389
0.980226199556164,1.01778005442573,1.01384192885456
1.00275267339941,1.01765908189257,0.997796369341479
1.07381493011837,0.916015245607176,0.994517950681966
0.994508327990112,1.01444555108911,1.01215692934652
0.958427438173111,1.05615920984552,0.998800856781709
0.904769310377313,1.08734951866137,1.02377147025871
1.04542406654761,0.939277196605617,1.00254322856802
0.9822529962339,1.02843279883025,0.992621725863826
0.949097720219589,1.0492961284444,1.00162280545768
0.936778707403527,1.06501722848257,0.997267775143896
0.934415461621766,1.08608070150991,1.00032633869098
0.918403878799164,1.07503904786571,1.00931190415533
1.09381554462176,0.889464368302016,0.995718177514461
0.984193636115659,0.980573331600975,0.995862902422663
1.0026721004248,0.994638874017195,0.998212376406648
1.00047003866987,0.987775071052388,1.00189929649184
1.04355207557634,0.963852763874937,1.00397223307943
0.902408335806261,1.10436589104613,1.00670705504258
0.968137752638079,1.01426747204023,1.00591472638266
0.838039487725743,1.18747415334969,0.984993550639052
0.93559709653928,1.09677418780066,0.994330709772766
0.908240428053629,1.06608017721774,0.99325443820342
1.03041134028692,0.975890060999805,1.01152834071583
0.915462885613616,1.08674563719874,1.01499911372493
1.04739108149571,0.940692466918455,0.995934605625229
0.984810669039413,1.00171695531605,0.992919615205333
0.996172680909108,1.00476502109891,1.01128680476286
1.01309519824479,1.00892383381785,0.990394747632416
1.01033950314674,0.947947194809155,1.00595887469837
0.917752815356439,1.07971499775039,1.00614980586889
0.975096221521825,1.02976154202419,0.997362107194266
0.976806481409782,1.01762424960188,0.997903995408914
0.938660044212221,1.0601312588079,1.00077140251907
0.97390687507453,1.0220269540944,0.996829197234404
0.930659333081228,1.06658125658547,0.991846520728331
0.998811335793065,1.0151638516793,1.01564185770975
1.00565226543556,1.00689762572151,1.00161528253055
0.909601568803488,1.08235078417028,1.00387871846774
0.982658344356907,1.0094771512177,1.00284980636907
0.919097797448822,1.09068250600953,1.01356260648713
1.08817349539048,0.930884443556323,1.01325841674375
0.97898827621289,1.0078173853892,1.01597007297225
0.959971422361154,1.02432688404264,0.995137425737405
1.01428315089588,0.991374277003876,1.0051940198707
1.01984489203681,0.990577036154038,0.985162957116053
0.990556649451912,1.02623735190404,0.986972601895346
0.987479667449746,0.992785369348198,1.01424480430787
1.02571825856737,0.980891620384696,1.0252873601574
1.01685467367054,0.94892225747588,1.00435325797984
1.08030699520445,0.922175103574719,0.991919666305267
0.953299443498667,1.05280459853387,0.988425407423654
0.999237993291206,1.00759835308278,0.981888047147286
0.988589837080562,0.999657514096006,1.0026980820274
1.04303766963736,0.943838194174708,1.00261959285572
1.04488514581078,0.956880255832082,0.999660957132832
1.02389538302016,0.979523056078831,0.991277461344887
0.982536403415504,1.00289742346735,1.00579871728791
1.01153153233863,0.972663021827155,0.999937644361269
1.0348991128019,0.972138606892044,1.00189052124686
1.07027793337853,0.943201082509246,1.00127996186762
1.05960625505309,0.938034584694518,0.998095741798421
1.04061063156053,0.94179273518175,1.0011580717797
0.952294782082522,1.04506958297263,1.00139771742123
1.00134791948813,0.986793251222801,0.996767538329541
0.933232874673324,1.06136348068453,0.99735495614765
1.00434301754347,1.00060025315799,1.00045575830195
0.957632607869278,1.05056462496863,0.99442357308476
0.956417926528479,1.05499290270057,0.996981544629143
1.05021989669101,0.956560124166309,1.0049080359311
0.995940551310251,0.978697974450909,0.996560184280796
0.938396946600943,1.06212793959849,1.00353084064495
1.00940721547148,0.979912169803966,1.00328913588319
1.02945504587759,0.974849719596146,1.00387175191824
0.979763186459697,1.01960598245701,0.986855813562021
0.97006679619867,1.04607193615567,1.00728169034099
0.98252860643211,1.02642711443185,1.00536826954787
1.06884190233953,0.908107691097674,0.996907873112066
0.96247757500686,1.00563399137596,0.992497282592147
0.984115831388722,1.00957004100478,1.00858385832494
1.09984975394045,0.899887249995335,1.00693162018618
1.05744627954555,0.956658973783332,1.00058728921952
0.950363974517888,1.07843786273905,0.988270058086434
1.00772953882803,0.993464988705932,1.00964402330465
1.0150535308449,0.988940512335303,0.995494440301982
0.865311354952137,1.1187960927016,0.986612632633982
1.03006332940748,0.990398441379953,0.985277101943369
1.0702878559513,0.915232709143408,0.988843536034291
0.927879354151842,1.07421143945436,0.992083611175343
0.953281582795077,1.03593076396114,0.994238110518911
0.972631077140486,1.02632466711726,1.01546379248844
1.00341276161779,0.997628457851092,1.01188545416584
1.04889574996562,0.950417882172929,0.998310661333964
1.06683980162366,0.941078823496865,1.00472563370351
0.997658212125093,0.981289043183867,0.993810598295573
0.977211767507076,0.976416781639342,1.00119485848471
1.0221540057437,0.995207014937086,0.994373855504932
0.993522740069982,0.993583285927865,0.996966077447385
0.931350174529788,1.0628695259663,0.992849967252317
0.924918996606118,1.05633780003201,0.988751991495657
0.888236033604328,1.08452758212862,0.998092421005755
1.09865779770985,0.885985337959953,1.00334129767151
0.988148090160519,1.01509570782258,0.995628378990542
0.91917635635954,1.08529485314875,0.992146827823929
1.02193919875721,0.992652079385865,0.996928226475266
0.908922780749385,1.05325381162506,0.977133830412071
1.06225045333517,0.953904402407322,0.999818402590862
1.00565682593769,0.987349127005602,0.99173181084428
1.01747894942278,0.980166923676689,1.01373529230009
1.08676135763785,0.916614385039869,0.996680368277831
0.941010272391463,1.02678639250136,1.00138477025245
0.969110518552642,1.01662876986236,1.00837470860985
1.06979228594186,0.91046477178752,0.99506249772402
0.966326513640218,1.03736764770126,1.01595536160074
1.02488620526492,0.959263701946792,0.996838249741297
1.02556913695213,0.983899251170248,0.988472445293327
0.982063459936882,1.01114283432179,0.996812200296407
0.956258877551682,1.03589367692316,1.01158378924563
1.07401091207092,0.914032826122241,0.993865548081678
1.03760952482929,0.959719490723384,0.995522444967997
1.06906315681586,0.927725367517708,1.01419209464009
0.869853751295715,1.12531907476609,1.0057719341674
1.0421350035652,0.968334365265283,1.00887079817204
1.00561457525356,0.984846378996758,0.996325715123095
0.951845875812545,1.02249789847122,1.00865739158147
1.00811544081791,1.00755941673667,0.981549219538768
1.05953626186229,0.937368435960812,0.999040552623806
1.09945274383892,0.89394947711882,1.00332947554678
1.0768858570476,0.921138845779804,1.00807776586705
0.969864625718063,1.04129627741607,0.987968472313602
1.04634713681043,0.967468468465665,0.996460897639223
1.13288012194127,0.855796059713307,0.998214583880534
1.02744837609272,0.978882117278548,0.994662723312395
0.993480160140464,1.02634152214,1.0209947632761
1.00163096081523,1.0090117886497,1.00809462699571
0.98206043788855,1.00910707604826,1.00384466465311
0.990554984169944,1.01179514633702,1.0023105838574
0.94988699474272,1.03827555259197,1.0046106344837
1.02784755938623,0.970471310954694,1.01504893504227
0.99605789662375,1.00474655021031,0.999320569848339
1.01319632867823,0.993749118237409,0.999427501353873
1.00952025556006,0.99805571692913,1.00541889986442
0.975809920756649,1.0352931947591,1.0022835710314
0.954804275116343,1.03976019243809,0.996623244243363
1.03020468906884,0.97031452714361,0.993781814816151
0.983007476635341,1.03765153473367,1.0044601182672
1.06759391492268,0.912575328396076,0.991579609273694
1.04096921495652,0.984873391418619,0.995617129312629
0.998471708465043,1.00171069350601,1.0080944909287
1.00647077755072,1.00497629420672,0.9934474199552
0.934605771068773,1.0387935922377,1.02094810627393
0.95246790262294,1.04945287167844,0.996801879442611
1.01475237413913,0.995159672169098,1.01469365521184
1.03504610695672,0.984947174789369,1.01753465069297
0.968286615766681,1.03302000834935,0.994600429047551
1.00854452181785,1.00891370403806,0.994420897898005
0.999923031665844,0.990430139263967,1.00975102281194
1.01912028056542,0.970578266532952,1.0112790627548
1.02882450280447,0.958030809529077,1.00349085586713
1.02073475723088,0.965817700835741,1.0254959840356
0.943054117771089,1.0657223129267,1.00703640422191
1.00984792465027,0.990873282959616,0.997618167770412
1.05914676400006,0.942977666054876,1.0091009729874
1.05317033291054,0.953075844412479,0.988095557245397
1.02666303418388,0.959645833785743,1.00205886417052
0.945472601604783,1.05545014583966,1.00291267985546
0.951399759659643,1.05067164755262,0.990090846727389
0.989407028241275,1.02096160932003,1.0029544616359
0.938722082850827,1.05220361315601,0.988134943292977
0.866308840311791,1.11930420553164,0.99833503443946
1.0030485493027,0.984258506038569,0.998215478010058
0.926598491825535,1.06539557102687,0.999841819364968
1.02052223910959,0.976774865582419,1.01236185322556
1.00774941377285,0.998015052778855,1.00162624462208
0.999412170452892,1.01322733803248,1.00426676352568
1.05836606284903,0.945445711462871,1.01393469736077
0.985265044840011,1.0009244491729,1.00050202837625
1.060408464846,0.928265732737246,0.998997405993846
0.969539689488966,1.0230742277857,0.994974054391248
0.922914773299243,1.05398932830828,0.997099910454809
1.02601852397815,0.962393673365566,0.989545462503099
0.998956779537819,1.00404815106546,1.01058778840736
1.00282946988113,0.998959027733807,0.992466382496027
1.00065564626807,0.99265197580208,0.998818516790335
1.04054852040967,0.976711620164473,0.977916268616063
0.972306815874012,1.0187785371812,1.0104005252978
1.02548967840346,0.972895622400683,1.00330107702996
0.983494187573277,1.02087478565135,0.998719265022404
0.939820368916185,1.05091373762419,0.999692857215074
0.986162842586444,1.02789009423881,1.00894516306636
1.00399845278184,0.992583238466938,1.01642193040759
0.996688404704628,1.02174940100539,1.00540535327219
1.04267981898117,0.962189623904714,1.00103390559705
1.02946620976542,0.992295174890935,0.979840031628085
1.05341126417443,0.96332863878872,1.00552137894786
0.917899838072226,1.05431933561826,0.996919597032095
1.01354004945531,0.988446825339777,1.02133188127351
1.00423965819313,0.990033661886348,0.998998799254612
0.974664454036155,1.03823795775888,1.00737155899855
0.963318946098971,1.00441258395471,1.00530675941659
1.00061927454757,1.00174045926177,1.00330125146498
0.991532093883423,1.02164395498026,1.00011523490168
0.986544337089146,1.00403639540283,0.997275080996445
0.991074899066133,1.02614354253467,1.01683661308686
1.02940152539057,0.959418581773077,0.994105268834456
0.981330276403158,1.02042328905525,0.995160409013743
1.0549158356311,0.940536712556889,0.995755087511273
0.895605025489763,1.13171955093108,0.99754283624774
0.976793550305045,1.01688501895533,0.993790492557252
1.04013738785184,0.970169308249031,1.0082731298674
0.95254774525464,1.05690839416796,1.00645142103605
0.985308736160322,1.02856702177592,1.00013456333744
1.00834171566816,1.00280555177934,1.00840412455132
0.85264680865622,1.14015929455814,0.994999228223491
1.02549563410602,0.996120120734042,0.994680852692819
1.01440366424617,0.992640569895537,0.981682540540535
0.891404461354255,1.11077754472463,1.00549663223702
0.979119922401701,1.03113458013771,1.00290515510604
0.977625008779034,1.03199707822556,1.00268727270801
1.02806832018852,0.963830191821864,1.00586604433094
0.970210471963834,1.02456609422216,1.00637179977527
0.98682303012337,1.00389268939505,1.00011647649428
1.04656984122272,0.970769483891569,1.00560953169847
0.951661983804277,1.04570831105313,0.985694930164639
0.921894396276594,1.07069946118054,1.00308235422971
0.978782153165683,1.0221963426763,0.997151040527497
1.06075652592179,0.96137994246541,1.00076371581259
1.04813194176439,0.955382594885005,1.00724683164572
0.988051400385384,1.02320948755247,0.997339215584396
0.958914505929646,1.06754198955549,0.985968061377069
0.973017945782002,0.988887277478975,0.989276248018549
1.043609169912,0.957848251257029,1.01553514251753
0.998319101209972,0.999479085782146,1.0045292422359
1.0897945218269,0.906681482522185,0.994827334319114
0.91635029210522,1.07573393135131,1.0082759869315
0.93938266213136,1.03784806673554,1.00292624917833
0.976185326776103,1.03757314312033,1.01195475262583
1.07547635880052,0.926255863386028,1.01995546932868
0.975036142532724,1.00723179231242,1.0167246510916
1.10009538657344,0.891823230363477,0.992502854163356
1.03714404214682,0.967435933194293,1.00639616510632
1.06291921510408,0.91013018845113,0.998621880497668
0.988119207176333,0.990812483270069,1.01190199158666
0.940288255832821,1.05136137531427,1.01447350456338
1.05074489848535,0.9880139416629,0.992635041153791
1.05035939339594,0.973531872338553,1.00557587550649
0.926177927714554,1.08632773354035,0.984708543764838
1.02008634092407,1.00265166715432,0.997793247660785
0.911217769601318,1.08282244134085,1.00372856678065
1.02627985381358,0.981973991489456,1.00279836420596
0.973311296531188,1.04906380395973,1.00128630311078
1.01542047802567,0.968794242004807,0.994183014187673
1.01757886660829,1.00716721598258,1.00580561521205
1.02926339674626,0.979413483071769,0.998233413976711
0.975828474758157,1.01366278292369,0.996763636986061
1.0467871573041,0.956274043751452,1.00587922956367
1.06872403004793,0.937072945386036,1.01070651599358
0.991804249884417,1.01888017242783,0.993571577146356
1.02159535675972,0.964378240857039,0.997032561582656
1.03163913603713,0.963220059556635,0.994701371323862
0.986869994517867,1.02820737739511,0.993447135264713
1.00473976232238,0.995108012714976,0.992406941621163
0.948476739907975,1.06636475157934,0.982467856974732
0.977001030285474,0.98667253201926,0.997490090841726
1.05026946159822,0.9525263310142,1.00251559535121
0.979236014038602,1.01025623742568,1.02027292554089
1.05919348971628,0.939445761310773,1.00425527570755
0.990085053644957,0.987762761630825,0.993918805268542
1.04335535635226,0.939695395811963,1.00439208508089
0.955369088226768,1.03978142878939,0.996981917453226
0.97365993604684,1.02314437719755,1.01842911073979
0.93412694659836,1.07043528500819,0.984686372240342
0.924223132388606,1.05780818967565,0.994530733575747
0.994892577505027,1.00212855212618,1.00788640966258
0.9504210336183,1.05932222692551,0.997820654605967
0.949692472804612,1.05148446836321,0.994041731458964
0.937503259175713,1.05048180930824,0.994697843689476
1.05120111740546,0.941552125099779,0.990174065912934
1.07944990019357,0.925133611498258,1.02262640114812
0.983124328268022,1.00624731586172,1.0020544897258
1.01430958554491,0.988903253659503,1.00925808381641
1.01327705227057,0.988830409441943,1.00053717329436
0.953466865977929,1.03998701154875,1.00231303715209
0.993043985178106,1.00110783542704,1.00398868478591
1.08802803969081,0.918185295541686,1.00002205869261
0.978551729744968,1.04459323706982,1.00586301332112
1.00347125316992,0.995951637458344,1.01920197540583
1.0343426916876,0.979457737834822,0.989629086583954
0.989563919542247,1.0049501340064,0.996940269125655
0.996903955449589,1.00428774786922,0.997839226073342
0.965152421981201,1.02149127207109,0.992978769738516
1.00617201508497,0.987818358613341,1.00404454149957
1.05627694477201,0.943471819638628,0.993252333378389
1.0161273591995,0.969732202792023,0.993626289058335
1.0379133628458,0.965419209953271,1.00172787461378
0.98927764459442,1.00543427168971,1.00388297886618
0.991234601784067,1.00066525732202,0.980983225895519
1.01123549407509,0.96875440128605,1.01875065701395
0.93950754729683,1.05651584006935,0.997429749581497
1.02809935337499,0.966011826249759,0.9955229952179
1.03277824013755,0.961063325403501,0.97881747115873
0.966339149421523,1.03956404780815,0.996289909063794
1.03094692329196,0.99015431277164,0.970861449442239
1.06131453542926,0.922201015113937,0.985874585406622
0.932055113959631,1.05515228561715,1.00268842329772
1.11664735005959,0.888345522292346,1.00374109428665
1.06665019497497,0.935468193914562,0.992838742335521
1.05912071688589,0.936939290975272,0.984441297318084
1.12150032781836,0.880218154551653,1.01667248180574
1.04509448625842,0.962417993942063,1.00674175976884
1.0428200548268,0.958468346956772,0.995472591976424
1.00990803628095,0.988174245845346,0.991384941161541
1.05030897909848,0.958467552047723,1.00134966869646
1.05402165183757,0.95571673234568,1.00565161688138
1.01709159357173,0.959984272469154,0.995384112697483
1.03789098759073,0.96851893143804,0.980529418030118
0.931787587704947,1.06099029537758,1.00652543559956
0.974920354228745,1.01431048568146,0.987983177783352
0.998968822118652,1.00604642076724,1.01818158518754
0.981560470030096,1.01828581882918,1.0026966943325
1.01581636756803,0.96982339743829,0.989285588921088
0.943155646932553,1.0487492332145,0.977621424110996
0.955523850021973,1.04811231155371,0.981081472351766
1.05004135413817,0.939325879658184,0.996196237655799
1.00970946284718,0.976372494878902,1.00217623999109
1.00169423667765,1.0081630196822,1.00291912082053
0.981924517805839,1.01220514705954,0.996714499558263
0.985586379773285,1.00910536552351,0.980067908622622
1.11598775321679,0.870085791323115,1.01361049141559
0.941822261693033,1.06496493029926,1.01435060574776
0.954825711872934,1.0425289600642,1.01480990300151
0.97974748307067,1.04145058404176,1.00508096165578
1.00373969543046,0.971831091395873,0.986738159173289
1.01794891824502,0.999144615791043,0.9942085763496
0.942256343834133,1.0401585512134,1.01323926774379
1.13223407038414,0.861961133161819,0.995752600620917
1.02100356686627,0.991846221986414,0.998819281234072
0.96317699168379,1.02465987131705,0.990006408618336
0.951282141012215,1.06287088540583,0.997385616397958
1.02731458143331,0.988222862156658,1.01170420025115
1.01408811400256,1.01783072530783,1.01119945108362
0.989253961494304,1.00172350848143,1.00011936297562
0.997098797734904,0.98447374512953,1.0015212167494
0.976576494586219,1.01990465081016,0.992564235118942
0.96440373472854,1.05161065162172,0.989825590872
1.00364415902309,0.994304361501595,0.988771094533356
1.01729011112821,0.982158625673918,1.0003329468577
1.00464324021334,0.973637856487932,0.97676555978899
1.00749984390483,1.00283382450838,0.991882851080323
0.995744160027951,1.01039290911457,0.997030959851434
0.976113025382655,1.0220471116452,0.97725790023599
1.08558056057278,0.931929222317541,1.00715136930666
0.99724197969877,0.992171305306401,0.994326175396964
1.06448961220631,0.943783619578171,1.00048178153638
0.99624877939599,1.01957852535628,1.0093278939529
0.932167770163689,1.07452415857952,0.992145338680145
1.03917260278084,0.95910675873703,1.01489379122465
1.05860625033514,0.937633469995771,1.02098261375353
0.926942412486874,1.08927183273695,0.991734322215981
1.0622501846175,0.925132407768336,1.00964819126984
1.04068083482995,0.956820711885731,0.988648076012487
1.07946386757043,0.91918357983541,1.01108148844859
1.00202270899914,1.01161445051024,0.9988468348234
1.00803750333283,0.987297467175087,1.00778456274166
1.02306822812112,0.956497064944411,0.983172621549936
1.07299607380736,0.916329044516703,0.999744180111743
1.01185465356626,0.980189709681165,1.02605862915399
0.973070486593653,1.02410475378254,1.00924058080854
0.92925220781767,1.0702438450719,1.0107318371668
1.04324862243786,0.952592434394051,1.01226369810749
1.02875131990577,0.965663442414607,1.00470534646284
1.01294849858154,1.00822886268441,1.00605437079375
1.051530086186,0.956810024196244,1.0110571765367
1.03805345640191,0.93797360292507,0.996357706016814
1.02262368600485,0.976979481913488,0.999029699797351
0.999711835415386,1.02676405672624,0.99068514750008
1.00346811875841,0.991315467075376,1.00181347674326
1.09072876256441,0.917790839805458,0.997550410353705
0.915858604370459,1.07116149521588,1.00836499260915
0.999311420064344,0.985131885894361,1.00100051682602
1.05110016640809,0.956584502407253,1.01404811017784
0.919704258514073,1.08492352351968,1.0126926981466
1.00256631655074,0.977785668228717,1.00456511163891
1.06308548071844,0.963225518939621,0.995693219846406
1.00213807321701,0.990602653001504,1.00932091379293
1.03830320076363,0.991393398265221,1.00475520852658
0.952856718606877,1.05030326125311,0.998529226073273
0.891935486397829,1.12682099015163,0.996524139630681
0.983184129159644,1.03600565086808,0.992563466159548
1.02508392696082,0.989991409488062,0.984349800248944
1.03559588078619,0.970147463890437,0.9949896199776
1.03260243620678,0.982643002870235,0.992168205841384
1.00796323613136,0.971842102551965,1.00434910284891
0.94756440222455,1.0678303120686,0.992140040378612
1.02569817454879,0.961044366889849,1.02225654331315
1.01393640351727,0.967296725590018,1.01743231619123
1.05614370159345,0.935004093302364,0.990571617168643
1.04423950623522,0.950351966824131,0.997150492213799
1.00531625666357,0.989716578618346,0.990276345315153
1.06803760895287,0.941734519485105,1.0050204399588
1.07669467910997,0.908791052418266,1.00331366554669
0.994403013907914,1.01565274487351,1.00058313464873
0.96600081747083,1.02554431503089,1.01014884077768
1.0844782460574,0.922933100067284,1.00402682289422
0.969243181296948,1.00768066440938,1.00979180395506
0.99231877246314,1.01131204785178,0.996504911116193
1.01161803238036,0.997912774353699,1.00181973946023
0.940177946398794,1.05299002578598,1.00527121278441
1.00261929415589,0.98549866960952,1.00566077140203
0.975620535161055,1.004072752035,1.0065203418846
1.02568671652679,0.966291093335267,1.01012383744124
1.00285871228263,1.01512380057118,0.999579294708387
1.03237842279612,0.985869924721191,0.988921667746426
1.01924663999294,0.984267533886708,0.996518187240627
0.978315459867888,1.01906588276252,0.984776779411194
0.969153725393882,1.04251555874844,0.987727208647559
1.01614634940421,0.996922384437211,1.01097173247063
0.915854601504957,1.09868401151311,1.00078262605368
0.928040480099142,1.07196658732317,0.99674205675365
1.02270613705351,0.965791494362159,0.984352218139793
1.01284641523009,0.984622260793746,0.991499882848668
1.01120368136529,0.97791930230124,1.0119706609954
0.985677013844141,1.02964191028197,1.00521352796323
0.905109353659041,1.10076237393135,0.995168429132114
1.00051761147485,0.9951447110025,1.00736451227907
0.955510623623881,1.05392131517518,0.996381472916562
0.984843360887922,1.00506471120409,1.01489417098029
0.998944793996978,1.01391426619209,1.00295455962353
0.993679997287306,1.00449560299507,0.997746679397244
0.933865055467128,1.04069424316276,1.01496736325014
0.99215703612652,1.00455156579083,1.00149442485666
1.00141033265168,0.977876805135886,1.01524346327663
0.969311439787639,1.0381299181375,1.00720772317515
0.986611872504981,1.00874342611935,1.00026332016506
1.07747545424724,0.905842894681269,1.00356300287111
0.963042775649724,1.01626319236236,1.00962769733516
1.12237180229487,0.887422686569649,0.99881332320509
0.948874385960215,1.05244978360472,0.989933453656675
1.07413092312586,0.929872496311585,0.990123384752158
0.957152303110037,1.05597085831013,1.01010503118062
1.01247068010971,0.966088526999184,1.01094266931374
0.946683770361405,1.023465770251,0.996328130497314
1.11761533289377,0.90920979755877,0.997070479204987
0.932702994747703,1.09755989833635,1.0028485543521
0.962078673769469,1.05178186928772,0.982609341401366
1.03675679533088,0.982645846430332,1.00795589526718
1.02050943792006,0.984985925875804,0.986684052168112
0.977212977451773,1.02320940638472,0.971572266315907
1.10616977254755,0.895660042687034,0.999417407169799
1.01162931999301,0.970313087244708,1.00008080257045
1.01045345081263,0.978394120226255,0.988001905097425
0.999592133211534,0.996211504240105,0.996541520638723
1.01716255737329,1.01401769680684,1.0135031338696
1.01232517117174,0.967382350817486,1.0029599049704
0.92450416564704,1.08905202295364,1.00335610241899
1.00294906020201,1.02244715642811,0.992729994727901
1.00083068168746,0.990163876536056,1.00156581587161
0.988921130415885,1.01292770502165,1.00979411041435
0.949604656120994,1.02503893521381,0.997521929991215
1.03679882999252,0.981913928459188,0.999299941962742
1.10790393104443,0.901915675238476,1.0041372958447
1.10053170979756,0.903140782403533,1.02373259088852
0.961249854628182,1.03265178959284,1.0028666312989
0.914022699175361,1.08253951931309,1.00187236728871
0.978524277187389,1.02849550644775,0.998697882661218
1.01570269720912,0.99078088681957,0.984068602954676
1.01902175752304,0.985593295482742,1.01852285100327
0.969885062332809,1.0337159412527,1.00222264334473
0.996818565035734,1.01991373328197,0.99644431515981
1.07422109513945,0.923823674412015,0.981444289953917
1.01179704084401,1.01188674354698,0.997184681280393
0.956566200224237,1.03355849719095,1.00667000212502
0.971410104277616,1.03829619552553,0.993744248593523
0.938099951162678,1.05979960104404,1.00070208897468
1.05269272655015,0.937446971612306,1.00589022095517
1.12150232888858,0.883503881439893,1.00206971864741
0.918508953124019,1.08057237520074,0.998592969561038
0.993465445601858,1.02260739053728,0.994283267236217
1.00311748815072,1.01895132680354,0.986820244983692
1.02906478151502,0.976640071375942,1.0042702724713
0.972006320033754,1.02300815177688,1.00933291463289
1.01418946463661,0.994494766098251,0.998802078583117
1.05623256980811,0.953852818817357,1.0028358340099
0.97654851892365,1.04034994129246,1.0118369555229
1.01417973082355,0.966037366120703,0.996321136223145
0.950709803333245,1.03840143598484,1.00878618718108
1.02259273349315,0.979181820572244,1.00434410753313
0.897355240090859,1.09795751987685,0.997798759332928
1.04261981958439,0.95775140937475,1.00906717643621
0.914648054973186,1.07543981292169,1.00461881274075
0.994456998297091,1.00464679149634,0.995542907923974
0.929376835533427,1.07786285238513,1.00117352565675
0.959749271148401,1.05962974052575,1.00164297068984
1.01717345822518,0.993151959004722,1.02330144763379
0.956592959931425,1.05154465702633,0.986495376081925
0.869322851322208,1.13000921335519,1.00942178696885
1.10943084077983,0.87555371866519,0.995441987569245
1.01008027862388,0.996127703723542,1.00323107944037
1.00249797258983,1.00606532330915,1.01011326637798
1.14487976229774,0.847927614142372,1.00533210619901
0.999618701719544,0.97080359512614,1.02073915275934
0.957457760056499,1.01163302179252,1.01149006048133
0.966221185150156,1.04253174375695,0.99352815738637
0.998571322166439,1.00590239161394,1.00368786252902
0.881973691508667,1.11793272176744,1.0059895974127
0.973804012260708,1.05482032236389,1.00307787784332
1.10799881959474,0.901893800529633,1.00278779530238
0.99773664519529,1.00879266355079,1.00844165535482
1.00591474154931,1.01878533901401,0.998419372371085
1.02196124387204,0.987398656359598,1.00324735438159
1.10144198379417,0.885849410475889,1.00520989437095
0.943597182727852,1.0388300833175,0.990298128344195
1.02024987432234,0.984180141895315,1.02152281242638
1.03816851272286,0.961664089811657,0.999579903283083
0.949283098540191,1.03319161455877,1.01229028317649
0.977991660716818,1.02161786882975,1.0068808007069
1.04448983374681,0.942886649200497,0.982899799517784
0.930638812045245,1.07906789573165,1.00083652046515
1.05917285328782,0.969848205274994,0.992222014902209
1.01950931640785,0.978196910495618,0.982887535185872
1.00254370477675,0.989746802256189,1.00308190427711
0.981602324677724,1.04694864910107,1.01171746312678
1.03829626400926,0.969718267372534,0.984295210201338
1.06238800560558,0.914036598456593,0.999806089959567
0.978729695115954,1.04489230107627,1.00833238493418
0.936227931658442,1.03342670600709,0.98708255949144
1.02141410449642,0.98307176447534,1.0065979912298
1.13482566446557,0.903896897949164,1.00089316954223
0.981640485567065,1.04054230179851,1.00574954001608
0.924917490606587,1.08086429555334,1.00822931758908
1.00169151642984,1.00725776205192,0.99686745085003
0.91064336785382,1.07234941261846,0.98869952886252
1.00328032786738,1.00899723094183,1.01019701228714
1.0965462063366,0.895321530953927,0.998670391433295
0.981231014483234,1.0041225302054,0.997047043514984
1.01079283991251,1.01876919556731,0.997566774055409
0.968969435510187,1.04336416706375,0.998644737674031
0.962609152231948,1.0366552049444,0.993091592704936
1.02927150781517,0.991475813830029,0.990162330971695
1.042210470342,0.950126747159934,1.0042439472048
1.0140560555146,1.00790959726826,0.996232457604886
1.04552512747019,0.965340511004631,0.993089110244995
0.902136922974714,1.1155340333634,0.988763537781505
1.05249382368477,0.94919564096776,1.00531703119279
0.895102593424078,1.09964435508776,1.00008101170147
0.965120061002342,0.999751820407811,1.00776454561012
0.960622543849488,1.03780464245868,0.998292063285171
0.942573190262483,1.07307150847011,0.999958358930761
0.960238278347773,1.04867340354982,0.990683199782204
0.961592125566736,1.04453584613871,1.00664285185336
1.02880319684381,0.970504426332543,0.987285285914785
0.990064788477079,0.995137361240269,1.00955862623124
0.929190605400633,1.05902615018365,1.00909415471157
0.931691207426535,1.06895780209816,0.989724049053839
1.0365860839331,0.961966584518249,0.999787902354705
1.01835181589344,0.964824099827085,1.01955884065425
1.01111053320238,0.995918728819382,0.992175838664964
0.97772949394283,1.03616679954341,1.00912367402882
1.00099665979362,1.00499509080838,0.998574872787598
0.925983301080845,1.05671198254977,0.99583617734641
0.958359637749099,1.06242004822565,1.00202728652843
0.940363792616057,1.07377964220301,1.00908206838215
1.01789795239445,0.975831335439787,0.989577527281395
1.03650723608227,0.989922318986698,1.01181940862902
0.955858946850512,1.03929100450859,0.99949973106496
0.947210826451652,1.0211109985186,1.01081693861831
1.05728557375675,0.940663179113076,0.994202094350754
1.05453193330773,0.967935434054758,0.98327679851081
1.02167425279364,0.985209193134436,0.992832203003286
0.988220477375017,1.00893219179999,1.00912501808054
0.972679004143392,1.04149178707104,0.99911129420985
0.983226885488305,1.02824472781061,1.0000436199954
1.04422396608738,0.967338758688978,1.00446370359941
0.996918341929481,0.981956255645998,0.988594170671147
0.985325705741888,1.00458101824837,0.983007176269785
0.99120087497707,1.00001883664206,0.995434075516316
1.05110054072134,0.961731774221065,1.00563263202963
0.951356239139937,1.0685402258295,0.988401822300249
0.985290790826606,1.01625272681682,1.00939749949233
0.943556308860446,1.05082606532982,1.00226231578696
1.05702324530006,0.977567582269425,0.996429613228901
1.02673440341745,0.967438005976541,0.992674575111408
1.01602568224585,0.967848743717066,0.999465122814252
1.00299749821448,1.02807384464918,0.994009317228139
0.967735686762242,1.03915101330798,1.00266666440052
0.883614609334736,1.0898000595699,1.00528745038488
0.973605007531178,1.0358930067245,0.996702259550911
1.03364493731225,0.996149674576453,1.00804447725896
0.982314179861589,1.02631774883258,0.986496423307948
1.025720984662,1.00678649715875,0.995838279651055
0.933574394883919,1.03984820575827,0.991834534739867
1.0837624733314,0.914625142316337,0.99140737060794
0.970625957831987,1.01421754145137,0.996922551154912
0.981407210850485,1.01583652446728,0.999457350831027
1.03899683433684,0.970907567544478,1.00594228531506
1.02284239659677,0.976410068168989,1.00512794639395
1.00952472857269,0.976732468732271,1.00540537437488
0.994654446778277,0.97823000084664,0.994292231341257
0.997348881530015,1.00844584164054,0.993300946331421
0.926628906448186,1.0878133181851,1.00978961698454
1.0075875681265,0.983956242223883,0.997843696831162
1.0479362320828,0.925319258893648,0.993649636863763
1.06290003943722,0.950791398965544,0.981557114026284
1.00435291929053,0.968489154919466,0.999924960410417
0.976913305499776,1.02073081612138,0.981259609741035
1.04856478741524,0.958821343482029,0.999258244644336
0.982771423609216,1.02222805770933,1.00938104674984
0.96525896225931,1.03657877041547,0.993286943587093
1.00349364073368,1.00232978872017,0.994394253494808
0.961865949854146,1.02209815732483,1.02297185389315
0.954566365544128,1.05202134457306,1.01089486596048
1.00608070059522,0.990517418094558,1.00838589175285
1.11397260846791,0.902004185820814,1.02261009759689
1.06368483634281,0.938519045970582,1.0097120275683
0.924447466746523,1.06923358845192,1.01510833005072
0.942286592532961,1.05181727267181,1.02037299996142
0.973614276225795,1.04288751322122,0.998833621581348
0.983201480458844,1.01481738975775,1.00866391495617
0.959762327835291,1.00260022761872,1.00615101463129
0.989551408028698,1.02870515492908,1.01419800922418
1.07754613780992,0.911943085965524,0.987044980761577
0.98085095879745,1.02812211477166,0.991421343469106
1.00963670666026,0.983841103064603,1.01526475903564
1.01364142777287,0.971747492609818,1.0094532232124
1.00624856615073,1.00019609939552,0.98404800790246
1.05833721556449,0.922438540512588,0.99835505924901
1.0142267087024,0.988960840787816,0.994304283521868
0.924706722800656,1.08277586313302,0.994819051599338
0.924658380091445,1.04938879101115,1.00015079779767
0.956090397997792,1.03141484702575,1.00882036984199
1.0524709762859,0.958934490649366,0.994895324001227
0.987579562909138,1.02722545089583,0.994742824881663
1.05919318665028,0.943314251133467,1.01178580308712
1.03986805617599,0.976960966586522,0.982732265316029
0.928067289831563,1.08547650007992,1.01109927877013
0.988557415468337,0.994479267719087,1.00333647347235
1.02175078911763,0.995341511463645,1.00050802662537
1.03392736407563,0.943759764854702,1.0122817743253
0.928684388863046,1.07665020979475,1.00205778265147
1.01586814652833,0.973561722982504,1.00162955214458
1.04013825090073,0.947946767785819,1.00259676425128
0.900251569114629,1.10792935250443,1.00091395807809
0.956546470079297,1.03730217378729,1.00379243678096
0.937666774230193,1.05684174175529,1.00554941467298
0.988831022303224,0.992606901931781,1.01965412033151
0.98382238429507,1.00747402881564,0.991930898356707
0.897467111410472,1.10089907907941,1.00635723316097
0.934190518835924,1.0474904467818,0.982642907067113
1.05739203015166,0.935782306179938,0.99199544329904
1.00261675108198,1.00751800226934,1.01918669555533
1.05120228290721,0.961343887061006,1.00948628258408
1.02661624089225,0.965348094724594,1.0047808933778
0.968879547603115,1.05438237604955,1.00089862038378
0.989401503137329,0.989012720341385,1.00079874491263
1.06449462635061,0.955081843073288,1.00499520190228
0.98198721515642,1.0083569079345,1.00990114080486
1.00695138887966,0.990505397047023,0.999630294980896
0.994000247630155,1.00712526359429,1.00049277099064
0.960725224816218,1.05530579290483,0.997678982246399
1.05959099308502,0.958044188959283,0.988377421292955
0.965240041234904,1.04191360705852,0.969191587674351
0.906052557175153,1.09710030743913,0.993156543495784
1.00223495406664,0.987024803705648,0.984216873838131
0.939579404724786,1.07049501779934,1.00930125680679
1.0204602909309,0.994180499991239,1.00218475267376
0.938440785560363,1.05226715038745,0.998161943106495
1.0132810712292,0.998540023985067,1.00911986717758
0.932648539783697,1.06494905284263,0.999348315918611
0.942144452304276,1.07817976898379,1.01291524298896
1.03598264969721,0.935789224938479,1.0024862359603
1.01089696375785,0.980621280482315,0.99738292513342
0.984353608595402,1.02076597249252,1.02320737593116
0.936631928782364,1.03846508280515,1.00572972396417
0.891379560181294,1.09940831820731,0.998893592838445
0.97573907118629,1.02441778939247,1.00111289917892
1.04960128429904,0.95688650688622,0.99813013325997
0.96447003757211,1.03138457510903,0.989032436972685
1.01260880876469,0.990393898219812,0.99139405248316
1.04008943740558,0.951509681437,1.01374621703234
1.03116693035659,0.976821866995822,0.978897097664677
0.984970038070679,0.984611807925764,1.00771133174949
0.888657897169689,1.10952685310979,0.990601217941941
0.903855481296553,1.08331882583464,0.99067065508794
1.07182744768902,0.966694433135559,0.999703919278248
0.992266479493062,0.985339612529666,0.997767480348058
0.922601725875235,1.09637273827073,0.998201768234036
1.06257042980109,0.942451831618787,0.990380294279085
1.04293381296582,0.946130035003776,0.993302947528995
0.96228271168316,1.01743575326549,0.998024265925174
1.00310303078591,0.999540878863554,0.999898536294772
0.986405115502134,1.01811613092209,0.98395884882934
0.97930553997206,1.02578740146655,1.00768667252111
0.969019854818393,1.01728671648304,1.00901710113636
0.953415617965223,1.06018786765102,0.978723393534738
0.975366000462251,1.01031000485767,1.01455206693053
1.01687040004164,0.985655201232441,1.00332399354692
0.95866838966782,1.03084597964295,0.998848107078221
1.04358591595219,0.958485654512154,0.995704482505425
0.992566193293765,1.03918881667941,0.981531212418111
1.05581366254933,0.940853058048341,1.00251744290475
0.922831020780648,1.07427339149797,0.997249217253924
0.994567770196671,0.999069050474137,1.00820095915707
0.96098460117512,1.04912874273024,0.99783797511312
1.00890960939891,1.00962095520615,1.0057189810362
0.935991632187087,1.04566970407292,1.00547401983228
1.01304645137004,0.991721938584373,1.01565819092787
1.0818128841948,0.935784820866341,1.02653096009551
1.02325981233364,0.961117767144614,0.993971816722275
1.04768074920676,0.94744435898445,1.00381783279139
1.04841239313285,0.94991148546207,0.995829516606854
0.961760087794653,1.0508463909316,0.991550367228283
1.00444799316843,0.996030736553739,1.00187382835238
0.925510439380708,1.05480776688602,1.00461978703395
1.03471032217095,0.9757415198409,1.01080738598857
0.957349358075787,1.03467908182539,1.0019476099477
1.04382186714815,0.983499387647987,0.996253924634198
0.967005975278535,1.05265130865798,1.00953439837128
0.973459492485476,1.01820018103206,0.991551399914641
1.03034911154756,0.949531366779079,1.0006894649083
1.01593874232827,1.00633502381342,1.00363322593021
1.0652308520292,0.931354486999803,0.973234797698656
1.05347631780426,0.966966313295403,0.983397224673587
1.06952125977077,0.936833136075183,1.00025492279961
0.978801236755828,1.02008784129765,1.00422940652499
1.06328603595076,0.942498775043129,0.995701809353055
1.02086398484836,0.991940094510674,0.99719662216811
1.02828214959945,0.989152662437828,0.982914612411034
1.01320535817237,0.984832441143348,0.991901093047894
0.975757108216246,1.04085199145286,0.996224289111373
0.927781028105943,1.07620551386715,0.997182801803209
0.944945064950805,1.0786798219079,1.00178935632967
1.04631009407225,0.963564689901416,0.986282954889712
0.978562793862541,1.02075952684017,0.998698518231498
1.03896451509751,0.975707357197094,1.00475385754801
0.997268479059145,1.01253113268273,1.00540203449379
0.925098535281281,1.07009679363483,0.986372260574255
1.05621394556669,0.94028470658421,1.01461253806862
1.0315576777203,0.950768374979853,0.993266513467185
1.02289098103718,0.973122935008721,0.997455774985433
0.956465982760006,1.01225062485836,1.01265102419903
0.968782419914543,1.02615965527545,0.984690133047696
0.956431934261438,1.04967831462355,0.988103236365317
1.12972875332776,0.884645525271322,0.995334169627265
0.997210445229161,1.00183328633672,0.993642435705242
1.04971131048432,0.958854309025547,1.00114392030382
0.949878298966411,1.05874419694358,1.0062424136004
0.945041652366694,1.05011077496479,1.01383885174987
1.02052360565647,0.963733655405984,1.00292918917555
1.02992174696694,0.973686866606776,1.00788410966013
1.09283753910541,0.904618524436996,0.99372438580882
0.929142893056952,1.07749780684081,1.00271807810834
0.970322208142219,1.05736765109054,1.01000245834245
1.00272230011025,1.01407709682654,1.00092936636963
0.984171547566601,1.02176879238904,0.98683872678004
0.970351188832696,1.05147329861794,1.010165470958
0.970775007734884,1.0239705464152,1.00692847884244
1.01420200750936,0.957633301390221,0.997083297347529
1.03805256744186,0.956372817169367,0.994852757166417
1.02097364762204,0.987549079755126,1.02121201940861
0.956743388190534,1.04171125059708,1.00203191693453
1.02538582828796,0.983618039789591,1.01419086199872
1.00198905244089,0.989229746810965,0.999333616761167
1.04930768211153,0.94174182403063,1.006910017485
0.966989113435197,1.03235590890906,0.987419286606875
0.94024738888027,1.07674239031864,0.991422945152965
0.929623860221127,1.06096485309426,1.0091647547834
1.05615026173458,0.931482034843218,1.00932902783361
1.06457045130548,0.931578538550382,0.999297254834948
1.05958856466777,0.936765929273666,0.989117920017112
1.0833107377786,0.898195005045834,0.993145672546321
0.982322656980299,1.01280835942593,0.999093552073199
0.96761618840273,1.03057026046566,0.994386772142762
1.02686593484108,0.932111882734133,0.996507485395352
1.04675826849713,0.928746991217793,1.00835667446774
1.04326459897863,0.947114899979121,1.00407389396857
0.954005716267102,1.04132981949604,0.998521078298092
1.02950261972918,0.973449320627839,0.981326139314197
0.939177873687798,1.04232634679388,1.00545333092272
0.987919437929089,1.00383202129065,1.01677757228741
1.02572681131617,0.958847061146688,0.987962755007608
1.08332575474371,0.929954008680084,1.00455492398484
0.947758747281314,1.06016319951294,1.00675202675191
1.02500219238392,0.992863819898983,0.990646427663439
1.03184981422307,0.981707120603686,0.999470883496734
1.01814063390368,0.986937328041746,1.02055205948554
1.04310377521934,0.966649663993068,0.997166996793172
0.989744461343535,1.01986371625175,1.02033910497719
1.04651661492084,0.942294968110666,1.00256295292454
0.977618195203929,1.04096670045095,0.993063543645142
0.99633024640816,1.01038907510537,1.0017996274376
1.01745662183332,0.978456201089393,1.01188771452675
0.997659046749712,1.0108715020816,0.994948800115192
1.01514923587127,1.00283246836186,0.989039116659766
0.99492399924931,1.01223164824093,0.993359804000338
0.911815823816861,1.11412810871843,1.01870601985956
0.958073219301218,1.03261617456652,0.996846601504035
0.959444723087887,1.04782472762,1.00923154230026
1.04478399547938,0.930555684809559,0.980931118781688
1.01619754380198,0.981731038800778,1.00169208797459
0.951718254806869,1.06772828706979,0.993155672763512
1.04478468225907,0.95468683086265,1.00237890234744
0.986216280912797,1.0090248820428,0.982798128646509
0.930900944904244,1.06133198501906,1.00745362028107
1.02891232750745,0.974817793241639,1.0105636063454
0.994827278988556,1.03252440990188,1.00958008621673
1.02471601363623,0.938980095546324,1.01537307433013
0.95458496074442,1.04166582054466,1.01472827723408
1.03128058836058,0.970023813000855,1.02057775261124
0.971675677832307,1.02169002591956,0.997026744308475
0.970765995963852,1.01470087981149,0.993279300730199
0.970333440862268,1.03114902546279,1.00414357571806
1.00631921144243,0.997823043638784,0.991098635944735
1.00475696858019,0.990104106239253,1.00287309607855
0.992036720741572,1.00604087426211,0.990260216739492
0.952435198292367,1.04569577064914,0.99718006423476
1.03471394183654,0.977257262211784,1.0102475278705
1.07939682260122,0.920974592526313,0.99254013502938
1.00882217121735,0.964168742612793,0.99847792920278
1.07079487848576,0.941636448467094,1.02154158917689
1.02958629706483,0.976630925821315,1.00778375516948
1.05710296112816,0.941812402769898,1.00751912521695
1.03281211704354,0.965800417613255,1.0077490474084
1.03755596281015,0.939106199822767,0.998368050897195
0.928848500182656,1.08274599325182,0.98951486373178
0.888682882153198,1.11279216322423,0.997863584847847
0.94712144080539,1.04548043623636,1.01919277125825
0.924922181917421,1.08009872741767,0.999014453400792
1.02705707198464,0.942062508080502,1.01219062663251
1.07342435292852,0.91180213904957,0.987279265397703
0.961395542362146,1.03010719514114,0.998873521244464
0.970973539637474,1.00635068197548,0.997503879024241
1.01354003368032,0.992301207670688,0.993602434176405
0.983973498282257,1.01234656043856,1.00344386020811
1.00169120639355,1.00002326486587,0.994167021802181
0.981568120570562,0.997546454728153,0.999695132379474
0.970382733385151,1.03286718056177,1.00235678742246
1.0300122733992,0.965013886404642,1.01699848728048
0.981119589672338,1.03040740588512,0.998429310094757
0.979867648160128,1.00949320043554,1.00129128290883
0.995570338683733,1.00638314442802,0.99028296345536
1.0120993779175,0.988468021218964,1.00214381351213
0.945599203548311,1.05458267411051,1.00789458170416
1.00556610048877,0.9771029037227,1.00735425369302
1.0078525281995,1.00661708669675,1.00381520960645
0.93135353223509,1.0442955774933,0.984621781579911
1.07840682147106,0.907619099325953,1.00300948035711
0.881256223329982,1.11397772921003,0.990276832805932
0.937819833422284,1.0521636927509,1.00377587647467
0.99827500501931,1.02034352626736,1.00915032889122
0.958093286464171,1.06481601410584,1.00545916607
1.00056828231755,0.997696709299888,1.02103799168764
1.03350098226884,0.959216323234848,0.979029467169683
1.01454281964944,0.98229904841765,0.99584676273056
1.09726208840925,0.900883149759107,0.990236722521862
0.976074989413415,1.0219926972559,0.992357534357214
0.974920789131527,1.03891457698399,1.00096674319063
1.01764292056829,0.987630554137049,1.01720848379745
0.969775270918903,1.03698554333012,1.00198487083186
0.985282434943119,1.01693128537053,0.995633541094705
0.903985870138598,1.10118199440142,1.00011327104959
0.887177349222911,1.12459189840801,1.00004065472639
0.96541410770667,1.05569570598188,0.982182028066057
0.991430652134382,1.00867605324582,0.994526911948485
1.02164521113918,1.00091062037917,0.996087896307331
1.01658561282353,1.0029642061937,0.999288012227337
1.01887395245852,0.957797924220969,0.990969714927001
0.949362387464347,1.06154823072615,0.994482712273357
0.987829448719308,1.00319406610806,0.997384624046222
0.961902965170524,1.0501804128606,1.00463978650422
0.970462975668264,1.01929252508995,0.996474114235834
1.03950075515317,0.966100403726825,0.992234364586908
0.972765400528846,1.0261378973333,1.01182795306276
1.11263376707758,0.875495590568523,0.99708783372897
1.00131206420351,1.0084660015435,0.991972649903151
0.971594701966302,1.03169060372218,0.997511923867782
0.995953651214371,0.99208369635093,0.996566730501177
0.952132808065006,1.05521113095537,0.990613207456141
0.985683558389524,1.03908720135888,0.997707291099499
1.07131641980067,0.936653566475417,1.01590706024069
0.985947382810426,1.0023299502462,0.98082582119655
1.01768862634808,0.980155378544439,0.988242462683978
0.906790037442636,1.06428337152264,0.99289177027849
1.01788339508861,0.992490976641975,0.979749485496304
0.976839724230885,1.03278986065244,1.00031282589693
0.972560011362349,1.01215095821303,1.00315745231164
1.03468563897986,0.965407381248819,1.00214657506797
0.988707810245848,1.02838315017421,1.01947447209458
1.07348406304323,0.926025903963039,1.00559540553828
1.09914522847886,0.891291987529211,0.968968896093961
1.1182643921137,0.892123444007295,0.982169659895939
1.01836632157389,0.983455940820408,0.985786672391218
1.03381959218206,0.972851295848345,0.996566192743322
0.926733119803293,1.06832813174661,0.990873385986481
0.924215802693481,1.07264251250969,0.981997134186744
0.882946005585019,1.09610929036858,1.00702268927088
0.944626491226167,1.01854068810765,0.986984045377341
0.970997575403539,1.02526689271103,0.988842534322166
1.01236130523426,0.989181244757976,0.991501835341025
0.941454497955791,1.07548239058684,1.00469353489383
0.942814633440887,1.03811046595324,1.01741599059056
1.00950757305427,0.997703136848374,1.0078456610813
0.941112591261757,1.05789022839684,0.989664119821437
0.983038490026183,1.01520747171743,1.00737363062561
1.0423686787226,0.955641791570078,1.00504163409313
0.972993405583627,1.01016623905434,1.00519718143428
0.984100312778181,1.00516171247051,1.0013164322796
1.06647176024797,0.911380380482263,0.997492725977434
0.98413619204113,1.03382683493003,1.00249624548366
1.01034153699012,0.975077358973816,1.00993465117967
1.08874675744228,0.911252685227481,0.989125014803324
1.00066824301834,0.965445910046013,0.971947290243397
1.06486629702199,0.935906939672535,0.990611074929902
0.954375053884489,1.04628579747872,0.999489697818563
0.962282339009941,1.02736443192702,0.989948066091955
0.944730342225033,1.06638055555689,1.00926465596797
1.03270697331239,0.967963614271459,1.00255871457793
1.02364796012499,0.975414023794838,0.980477102633231
0.981348416612255,1.03681877999382,1.01067355391793
0.991740294898432,0.983193219097689,1.00021334221376
0.968126744924308,1.03185916840217,0.999635155126678
0.940114421406844,1.06747302284172,1.00159292165357
1.08395573049767,0.902086418054203,0.990167223334864
1.01416485511176,0.997991125382155,0.997018329323129
0.940717990574089,1.07907981787896,1.00688978333771
0.870257773460443,1.11985569023508,1.01051197160091
1.0535331355561,0.968346570668767,0.987881923478442
1.01961455474464,0.991904303507988,1.00562488873637
0.982079689368293,1.00899042807238,0.996483010661777
1.00316108839484,0.977367605532727,0.993803802539797
0.976727003867941,1.01768563434409,1.01509364585871
1.00563953975423,0.98683362673587,0.991600356573238
0.95103576107657,1.05927419335613,0.991451311832765
1.04314340510926,0.950743559380589,0.998982372870711
0.9358522279047,1.05815840200519,1.00483536693501
1.00024746542627,0.991551386653146,1.00350683967998
0.97953969087622,1.0048132017132,0.993925223687177
1.01243065310726,1.00087786636355,0.984108848265424
0.980045605085137,0.996849480508133,1.00421376046028
1.07718955391479,0.92821340411099,1.00330801589941
1.00808070764824,0.997013352544403,0.990875509214379
1.10916879888638,0.922534992544234,0.986337004104514
1.07376297605454,0.933927998829779,0.984728131957171
1.00192025287578,0.982590816749802,0.99701663239049
1.03812059002419,0.959198914626018,1.00185687634073
0.8989584466748,1.09755438437471,1.00583586895213
1.02871141613386,0.98592650870257,1.00220623308616
1.04497458352571,0.96183503868903,1.003903995588
0.99875156880122,1.01537692700154,1.00237731330784
1.00514897545056,1.00379967740216,1.0097089168506
1.07647557070184,0.927393487271372,1.0111375724784
0.970529368993408,1.01650270980911,0.986467276501383
1.007550304338,0.983050767621917,0.992552576591375
0.940440710579609,1.09450432719098,0.99049179821538
1.06054473621774,0.951346377460497,0.968356984967276
0.912062959720477,1.07443401887288,1.0201013954326
0.91437801893707,1.08289324898882,1.00166657029099
0.979267512326642,1.02189143954408,1.00670285183844
0.952395997173004,1.02106824564452,0.995254083080624
0.954565728241109,1.04885558875021,1.00520232066463
0.988607575419611,1.04927851284008,1.01550450471771
1.0443486650252,0.956308117279159,1.01828241374511
0.980422492800748,1.02276005006648,1.00800743570262
0.953093093317866,1.03898868850499,1.00664916477345
0.93262505422294,1.07176695541736,0.998218570794956
0.975086650115384,1.05026846496485,0.997895644039734
0.988464902878275,0.984632930696424,1.00703970615882
1.09352640434065,0.913489060394124,1.0083175399079
1.02559444021172,0.954878536763025,0.991165476188903
1.05138206852826,0.952649714235246,1.01313015194668
1.05527619196219,0.964824667798044,0.990302282633231
0.886431942834195,1.1032343672108,1.00721311310513
1.00521547465718,1.00210764386808,0.998174818420511
1.08556051809493,0.905775322324714,0.981498312767073
1.05327128876679,0.946795646562977,0.993565579575559
0.993062123708052,0.987793472750453,1.0025758190621
1.04450701270711,0.966210678691288,0.999555803895522
0.998307852793427,1.00344323699297,0.991325883847077
1.00526554852,0.992949999208888,1.00131836811636
0.993012173555068,0.996980863094753,1.00906617451755
1.08178531564205,0.929238606944478,1.01616583209662
0.976319090876808,1.00810226658058,0.99584720799246
0.999251966673238,0.993842078194257,1.00677419488316
0.984354254271179,1.00508609674474,1.00236110705387
1.02048231991417,0.974079987673498,1.00766247817051
1.01857968684222,0.990919631107624,1.00404878630694
0.975713948562178,1.02928032318109,0.998972839615766
1.01358577716111,1.00830612561621,1.00076582557302
0.991254508294969,1.0096477427502,0.999653155254583
1.00242918098167,1.01425105951092,0.99283318995561
1.05748192065314,0.947022945727974,1.00149335825326
0.971585180813375,1.05092838238663,1.00367889102477
0.934395219177051,1.04442229134247,0.982289098051154
0.982701110669237,1.03177640385487,1.00100530736576
1.092037954873,0.887297360261932,0.997928875648788
0.920634276975771,1.07552783386746,0.995731541796415
0.923030609838136,1.05665631377493,0.99648813589556
1.04820532487324,0.966923904718546,1.00129774392086
1.00112315952082,0.984204971422114,0.996941806911158
0.984588914650647,1.00868452963087,1.00738101005396
0.966168394181372,1.00379534762879,0.987398739376791
0.978752808909474,1.04281104666842,0.986928987269366
0.954220762462507,1.04654381802066,1.02013801608905
0.862371913359726,1.1516314694722,1.01469270845891
1.07763879446833,0.922553679910235,0.994568513957698
0.924036138724562,1.06784889869199,1.00139299945606
1.07510839669031,0.909698001112393,0.98674069525704
0.978055716843879,1.00777957305045,1.00475983492506
1.02868047110782,0.972866804157151,0.997150768879028
1.00438660306688,1.01179198625129,1.00311331593568
1.07936448495709,0.917561531630503,1.01008794949671
1.0449046121259,0.953452071060144,1.00771192820518
0.97926077204215,1.01071512808835,1.00832534584029
1.00936063277533,0.976945775510512,1.00159467496409
0.895514188555105,1.07895189957112,1.01370855124006
1.03106350606496,0.968757967760469,1.00866141036697
1.03496177465907,0.980113252205713,0.991141434826242
1.06058797844809,0.938655780010181,1.00530717223227
0.971058224412147,1.04046259181746,0.990274097379523
0.940512417617637,1.02363131917621,1.00295320068593
0.987169653171218,1.02086453502742,1.01178098059959
0.932110591265482,1.04949911150269,0.999395965478055
1.08805082265889,0.910685899235426,1.0189535815851
1.10925263166003,0.86777146404843,0.996566951412779
1.01233392619324,0.978913480891857,0.999489816887152
1.04369626283671,0.953285682066146,1.00177952008722
1.04827111422908,0.965765705939038,0.990325618785492
1.03942413771551,0.961145913534334,1.00787706074439
0.953308874902779,1.05074095897034,1.00330819830075
0.945562485499672,1.0201186060894,0.999636706736214
0.919648410572717,1.06394486359615,0.992342920806337
1.04700328854524,0.946046975730834,0.983521134811792
1.01006041925848,1.00383905126648,0.993153292504429
1.05826492288271,0.921435974490749,1.00050746345061
1.09001584978778,0.887793615814143,0.993899638780782
1.00870763999138,0.996190680172938,0.996780189501024
1.0163105143356,0.98880814747709,1.00298408795928
0.920347884690653,1.09151566173663,1.00397337946234
0.940103692535385,1.05654735718758,1.00834724800102
0.939705401059715,1.06502524728597,1.00754716952275
0.825849487691618,1.1724304944418,0.992275922206363
1.00103751229933,1.0031141519498,0.986246798800997
0.972446393075159,1.0580069855913,0.996514024620962
0.990052100725884,1.00770181567861,0.992479360659474
0.943033097285204,1.04435116278503,1.01539641848732
1.03975060796378,0.961589628422413,0.988629994377649
1.02671380050414,0.973013111230218,1.00177919728369
0.973188469274184,1.0295829759391,0.996030582215805
0.948305150732185,1.04347391247027,1.0148324709717
0.960407022951115,1.03316375369141,1.01087159293824
0.958836888932765,1.02388079640691,1.00727108538066
1.02553136888004,0.989554385561978,1.00532430808205
1.04386471585966,0.961803477645713,0.995675316120222
0.96006427926615,1.03035308757392,1.02871546644766
0.997166386796009,1.01461370238091,0.997493036368946
0.996997431183578,1.00516777634416,0.981964498698048
1.03949898987465,0.933213709517765,1.00914807403075
1.0123820165743,0.96108125188929,1.00588865526478
1.07752516468329,0.923188775421707,1.01993328676338
1.07538112927256,0.93242906702602,0.981967406140544
1.02021507803988,0.981985896950355,1.0040439139738
0.950251773143277,1.04678321016138,1.00145105461452
1.06927826560041,0.93177444454854,1.00189038902482
1.06315877729368,0.936857267722394,0.994225293382403
1.00880572814324,1.00431505140046,0.988005605988727
1.03698205860181,0.940521294866488,0.994944425391496
0.942359312712268,1.04720203918761,0.992640627648047
1.06390496257225,0.95280699876059,1.00890496475811
1.0082679012171,0.993218914011162,1.01489789486143
1.0098012824789,0.971486178580149,0.993465347787512
0.99448423784232,1.01371337624923,1.00158383958263
0.927048316373663,1.08965788207998,0.994685590532739
0.976272949423459,1.03260736079438,1.00714353107988
0.9256610699044,1.09731235470415,1.01204515008472
0.967004621264054,1.05684432053506,1.00873532399654
0.999313297347221,1.01228770352383,1.00726154409956
0.986144461716544,1.01608186856763,1.0079786628966
0.991414089954312,0.988141258127275,1.00188358993139
0.964954792971817,1.04439201115686,1.00603524414515
0.956655147673778,1.02783923496287,1.00606522472078
0.971125954258289,1.00530923870792,1.01336916453269
0.915497287127191,1.0634858100355,1.01995567434194
1.03658512389804,0.95141402147752,1.01277062962116
0.95062230489231,1.03528619622952,1.004714079544
0.953012086976636,1.00305211586587,1.02177066172349
1.03996186054354,0.927490804457339,1.00694637188614
0.982370216281584,1.00959461876909,1.00741543354058
0.972148286094457,1.02824239110834,1.00639692665479
0.971536235379907,1.03389985749076,1.00412240843043
0.889119670861663,1.11144392836705,1.00711075320749
1.03118113997763,0.970502376864827,0.98634954220001
1.04880096277753,0.954733670548679,1.00180672138642
0.964725973524275,1.01970759380088,0.995552488128136
1.06007659345057,0.938105910656157,1.00444097589431
1.02495341060396,0.976379131205612,1.00004512126755
1.02253166186959,0.955488511800044,0.998440674031496
1.1165874336181,0.888378200779038,0.983370272457807
0.98247385312739,1.03929790274048,1.0026394807862
1.01806934661566,0.968176932314953,1.00384896200493
1.03337240085529,0.962957016193734,0.997779050086713
0.907098278096378,1.0944910107042,1.01414711477777
1.01401770911408,1.01256281084427,0.995647181087295
0.954082288136697,1.02898070029077,1.01394878995162
0.917719156985415,1.08280695954512,0.985778655130736
1.00493045842158,0.968400917489688,1.00728575095012
1.02579833797314,0.973630859974523,1.02353985373183
0.926262860446849,1.08092608763928,1.01736586006032
1.03607018991118,0.964620205526065,1.00899451934367
1.01048306603927,1.00728204151542,0.993393671817311
1.00887103707905,1.01463424626609,0.99107328518268
0.964984910774522,1.02808759661103,1.0100580188658
0.961953062568903,1.02682995803726,0.98197224742308
1.05284927572099,0.932943467616178,0.99827516465487
0.911955810801563,1.06597616459393,1.00434369796655
1.03578896686389,0.979792426063044,0.996959094828431
1.00316682957796,0.992256009825529,1.00963150077555
0.983502333756345,1.02250935147203,0.991634314841941
0.940433686133627,1.07324305230777,0.995205332530738
0.978588571149007,1.03798835340217,1.0191043390682
1.00943995973176,0.986905545858241,0.985971174919483
1.10743580589104,0.916224643346464,1.00058747420051
0.958194475225348,1.0475345960183,1.01021556125886
0.940472078934898,1.06696277345049,1.00199730967882
1.05224569094688,0.950187861301532,0.992777658496832
0.972181586412387,1.02523227027106,1.0003641437352
0.937516336829699,1.09652833634058,0.99479221812022
1.08809758756044,0.920669333390032,1.00928564657785
0.957562993114672,1.05239028185877,1.0145741943519
0.906543882340659,1.09953163145266,1.01103596965277
1.04034191588522,0.952283068297402,1.00697409260885
1.04264374989041,0.9374350182165,0.981217624640396
1.02475538340499,0.961039757272619,0.984719600873858
0.929693118499839,1.05815628174705,0.996162531325924
1.06579068331879,0.917871929985672,1.01286213549333
1.05516185909719,0.931274336415518,0.992279744473053
0.991184837813558,1.00664429532042,1.00674540531067
1.05136268704554,0.966228822595804,1.00031155490297
0.922419695964025,1.06421282246038,0.990406174338665
1.10658627770723,0.90322808515183,0.98370383846308
1.04115856586468,0.93306623273185,0.983867970475267
0.951190111601359,1.05476418269981,0.998634898554654
1.02513383362149,0.965631367935897,0.997490382985361
0.98109281945096,1.02707928714814,1.00779868482244
1.03158098123077,0.964994899465621,1.00803351253678
1.02803253652485,0.9619925214205,1.00621249368889
0.972549297112608,1.02675211027132,1.01120535585922
0.997367594122149,0.993771582269898,1.00742227111654
1.14192283122925,0.891894766641304,0.987537639391629
0.957969118420828,1.0226320962749,0.983571188795154
0.900305804025238,1.10314401093753,0.998033233784304
1.06108290985072,0.936303304386004,0.992736991933996
1.02133896004132,0.978224321565963,1.01043925047296
0.984720297494476,0.981412257537366,0.996587871142672
0.997699499474627,1.00882296598799,0.988781254447033
1.02611831856099,0.988717229724289,1.0002394082653
1.02468812542649,0.973874194393168,0.996558257152014
0.942777653158584,1.06777482355157,1.01486348209484
1.04230774928029,0.921360228828036,0.997072108385006
0.945101216378326,1.08718378388663,0.985974449025643
1.05296255541694,0.941565643653024,1.00788209588985
0.976891537865101,1.023503305763,0.995794227071176
1.02542614052418,0.986364123685451,1.00294764801731
0.990486174676053,0.99540006501953,1.00783424903673
1.02955729087166,0.986037098583495,1.00358286276483
1.05496926980501,0.93149500196251,0.994474522551233
1.01090698659465,0.980599827284726,1.00723845977959
1.07870223653078,0.905261709351568,0.995204724995051
0.986254814419974,1.02047214389823,1.00228309981971
1.06480347604398,0.955072292364171,0.999775633125659
1.04752931477253,0.96052187893102,1.01078378331652
0.957162448659747,1.06592933602151,1.00920030053462
0.989884711589902,1.02233807499186,1.00519545398181
1.06311685474947,0.911559176871508,0.992624150111082
0.961926220922718,1.05441995104902,0.996137026897148
0.922566870363366,1.05286403767197,0.997705490696539
0.946193866667277,1.04846116712117,0.992250451140291
1.00314387043694,1.00863991232948,0.99966809163648
1.04490750343931,0.950493137141793,0.984525225766818
0.967493385072899,1.03619454826623,0.982024717487906
1.06342399621115,0.955970699521711,0.991978426017328
1.07378294544523,0.933672735449167,0.991482478867182
1.00885664754224,0.993200943498101,0.990481212968566
0.970150077327283,1.02363651777862,1.00954515098422
0.992407174471214,1.00459135373086,1.00097096346148
0.973845903724887,1.04227652918092,1.00574555654177
1.00715287202565,1.00610620464758,0.984263744906218
0.947009801511071,1.05990460926134,1.01827023793835
0.992045994392246,1.01786939990253,0.99985877332267
1.01624907550814,1.00563180537173,0.998216958958181
0.986159678283437,1.01070361019395,1.00499142560278
1.01591955280995,0.988225835299915,0.995113086438114
0.959322160785799,1.04341127912545,0.999631124763073
0.96736777339242,1.03132241733506,0.987656574901463
0.983827804925463,1.0113071718197,1.0298595166291
1.01053331503021,0.972301133513041,1.00815866028239
1.01403888421867,0.96773430715232,1.00484903528658
0.950532699476456,1.06257869868729,1.0087532647565
1.01405848556482,0.997993142695136,1.0182944327706
1.01969497013156,0.996714264830236,1.01240257994401
0.99111956014909,1.00057332778251,0.997922099335139
0.963790287655977,1.02685008109792,0.988927793142964
0.962716564269745,1.0486061547065,1.00680783726767
1.00965628595048,0.984381410149301,0.99970150666097
1.07821870159304,0.915845456118971,0.989456350576864
1.01999565791624,0.995075295271257,1.00459345147143
1.01309484076423,1.00670317194159,0.998944414625978
1.02697095221626,0.976924539505757,1.01623383054008
0.947543448282054,1.04474850074867,1.00464234316532
0.966002151475312,1.02795207737462,0.99868287639058
0.970811051906145,1.03105784238144,1.01724335105998
1.02583075247999,0.993266619737487,0.998675428177036
1.03962947676759,0.932005819611061,1.0047476517231
0.900719204781815,1.10370156423324,0.998108878734432
0.962909574540575,0.998639243652602,1.00272800993184
1.00969821152855,0.988660433596465,0.991409502309415
1.0057056544085,0.975519374688342,0.998215389754115
0.950839334663958,1.05800870389817,0.996193812708322
0.913381080043315,1.06920729653277,0.987933451982846
0.998880039593708,0.972424465347575,0.991005470296974
1.13270344672981,0.860530310909764,1.00839841564577
1.04273914078444,0.940511318350055,0.994693364132642
1.01443513968635,0.982541114082306,0.994650725948199
0.960855141625105,1.02383155187139,0.995138724813005
0.978485039794799,1.01396585135102,0.984507519913085
0.931252508904716,1.07876457683404,1.01167238054462
1.04878028732828,0.93728043726567,0.994584489625879
0.88561107179818,1.13188296762324,0.993986827008349
1.02171084240079,0.987792379458908,1.00164441929963
1.01080528992334,1.01157453425396,1.01351643165787
0.918603568668066,1.06082179206815,1.00050499794841
1.08767603274382,0.928250823819145,0.994279312915371
0.935768613115915,1.05936284712088,0.9873306289176
0.975431546070388,1.02957627344858,1.0150010011422
1.06341187692727,0.931573274340543,1.01391603820887
0.98428019171976,1.01267027749244,0.991332043607089
1.018473087199,0.965180308281998,0.991502196294462
1.12635702216024,0.894140572013525,0.992116418510873
0.907194168663029,1.08428969271082,1.00811375106791
1.0406866507299,0.977781185180433,0.999235151855874
0.944546335378779,1.06000972140682,0.98818582448475
0.98751263021816,1.00346896842905,1.00313487361153
1.06182976397191,0.932149596107776,1.00354088611737
0.991641385295106,1.0111807929097,0.999280774187554
1.02460457660279,0.962256317057804,0.98758307630042
1.16000468084593,0.834076625975587,1.00255820096079
0.994115918811922,1.01213854356866,1.00587423603515
1.04940957939188,0.941172985435677,1.0256498805686
1.11994145108776,0.868567335134357,0.983287906760467
0.952886093432491,1.05205016106078,0.993560416163423
0.895890153989334,1.09277212074117,1.01641654188395
1.01957545303089,0.977241860615273,1.00026479185991
0.963372196917701,1.0414777232179,0.995107144059884
0.952403030776816,1.05411001492121,1.01124290970471
1.02253714931813,0.955852889631428,0.999104302928667
1.05856615471912,0.957781146000838,0.996366011947986
0.969077840524827,1.02984910359236,0.98798909484891
1.05969446231653,0.9666753837899,0.995470481932126
0.958390405018225,1.02568612209935,1.00105196832807
0.987336756965932,1.02210631977803,0.992531535154377
1.03885355078724,0.958213607377417,1.0009111183007
1.03116234913705,0.963265920174131,0.993940129008345
0.998370338732233,1.00522137347119,1.00442072146754
0.914040206262743,1.08503000595708,1.00083492520583
1.00300136439822,0.999837033243547,1.00445506786948
0.955383064567098,1.01325505678573,1.00427946352401
1.01040561501593,0.984256821316691,1.00717185343765
1.02061355469536,0.973947289408976,1.00488992691503
1.01793971130481,1.00030507916041,1.00317569261513
1.06483553949164,0.936182207230385,0.988237999200888
0.993491537793163,0.996977801840073,0.992109201384381
0.966084949147431,1.02844497696369,0.990238498396353
0.972116064247632,1.00728561153039,0.992806227082535
0.939983123449513,1.04742641412157,0.994230039871934
1.01049757905035,1.00843383205398,1.00425348435154
0.939876662940055,1.07479813929831,1.00176452842358
0.98417369471826,1.02219865918382,0.996619630304618
0.94491369140991,1.07196729379819,0.998857183454371
1.01143291520422,0.956193276990975,1.00989488833102
1.02564428069657,1.00277318101959,0.995945311819094
1.07688628556902,0.931173056738807,0.986638202165824
0.967126880390074,1.03101308540622,1.00608345180944
1.10448640197796,0.894113791895294,0.98912970716435
0.958057473812165,1.06651469546299,0.995930010984918
0.94001534974308,1.03720898242481,1.00769162693563
1.02887510976937,0.976677438311226,1.01068786102014
0.991798369842358,0.98741738027339,0.995915190706853
1.00555970943762,0.99082504887057,0.994704039426267
0.961080713302169,1.02296826629762,1.00054436730958
0.983255953603261,0.998275095749373,1.00975787349262
1.00381926437729,0.978437375361501,0.997648926968162
0.945012724306348,1.03779919919259,0.986442378951164
0.976253704163275,1.00374391539035,0.990904405275473
1.0675529179947,0.938174891520141,0.991065204698491
1.04751171689344,0.946783962700322,1.0021664095051
0.96731563631815,1.02124440174774,1.00886014781394
1.03574311070857,0.953148049820302,0.992875809212479
1.0906503296842,0.933140508696683,0.986592030869316
0.939766777917648,1.06245040035391,0.986965773890837
0.92436768181035,1.05809477025131,0.997335839590958
0.956655820801872,1.05439538492407,0.999842287588218
0.916289851251431,1.07092713140606,0.983904615339706
0.970116172186955,1.03497653329747,0.997447371450969
0.986714289099883,1.01419973862391,0.997713728775609
0.979349876059177,1.02769965642931,1.00912316559756
0.996908594895886,1.01553613280474,0.986721751716675
0.997330291141789,1.01203681291654,0.997763132753064
1.06276359081564,0.945945816804915,1.00048711841692
1.03321412561811,0.976872467752589,1.00733583140833
1.05063881029804,0.93665205493403,0.981186443055911
0.992129608831668,1.00921742669577,1.01790649948592
1.01551363065564,0.984382034403621,1.00139203257635
0.993945490413706,1.01020360054711,0.993966774927037
1.05917095574159,0.949434442212205,0.992711603252042
1.00461429782463,0.995293784266664,1.00111121771069
0.982755618880161,1.02311870885027,0.989228252219232
0.94529789051685,1.07008879569911,0.981981012621037
0.930566243995397,1.06826669986524,0.997740724844783
0.973051896200743,1.01995718677622,0.99760618736584
0.982751486980866,1.005028467855,0.992604602906316
1.0839578361963,0.892151098854918,1.00089269841913
0.970152481625993,1.00581478655379,1.00165302479843
1.09120790209819,0.93048954081532,0.998208988135677
1.04472262500149,0.934783805735428,1.00107276224039
0.974945425867979,1.03784793709349,1.01333087823657
0.937081192197093,1.05313818149219,1.01458454266016
0.996133791327437,0.991756429120158,1.00453095898265
1.14531120236157,0.855584761114838,1.00531935377726
0.921598646213671,1.08571445356153,0.988104302178432
0.996513922863036,1.02557975561457,1.00028175016643
1.00831065678926,0.991697583219952,1.01427441742555
1.00651668702641,0.994349933140222,0.999862802344312
1.0683909547255,0.93347558909953,1.01728451541106
1.05580628523342,0.943427011888965,1.00137329568349
1.0945583022269,0.909567352386557,1.00797741259053
0.868440533389882,1.13663725374428,0.98631242251696
1.03660751183779,0.96708607102944,1.0055456972546
0.994620305356181,1.02204107481965,0.992564126306299
1.03553396539226,0.973243667003491,0.994850538672017
1.11020352902151,0.879927885624284,0.990577351733514
1.02644397023278,0.960154150975795,0.993377870054975
1.04492708664896,0.958748166565068,1.00151992228393
0.96207902354385,1.02195493426356,0.982293879903651
1.1276464996738,0.886040304849855,1.00430874078369
0.996394097442448,0.97971777224615,1.01639426387031
0.968727228211449,1.04584567284818,1.00553536814774
0.953238488426621,1.05852249401347,1.02707962098571
0.977645377369423,1.03237704349292,0.982486426940016
0.988937292305699,1.01696208280627,1.00473190543651
1.05394057154909,0.958296146849288,0.99087888642567
0.888587963249583,1.09669947408054,0.982140029855791
1.10445959275233,0.888646232621738,1.01384312166235
0.970129763295295,1.01524762490327,0.994618847064984
0.961949198038361,1.02567643643961,1.00720576294405
0.980279645404384,0.995267216622316,1.00843890689556
0.991542802097779,1.00979046176961,0.998953944048772
1.01944220617962,0.963460673564171,1.00536544955823
1.0195791959444,0.971691743822414,0.982743049115882
1.01642072370489,0.982222944507323,1.00887779359092
1.02516671931076,0.970209216379089,1.00652621348105
0.995058840735086,0.995314400505514,0.987369014446627
0.924460030483957,1.09075807128369,1.00313400731591
1.00193879834971,0.986370015611639,1.01980993221186
0.982129765269282,1.02157476786675,0.986418722904806
1.06159577317035,0.95790189341001,0.992491972879564
0.902953508197069,1.08418818632828,0.996351793669664
1.03715117086831,0.9681364608448,1.00363617590079
0.917097822474022,1.0651711435251,1.0084532129609
0.957451843387339,1.05007635145309,1.00189620224602
0.990118577897755,1.0214451793569,1.00982287807458
0.946992576240418,1.05843632558376,1.00437947289484
0.963443664390179,1.03925355562263,1.0096958990128
1.06650526061752,0.903001837433932,0.975234657409809
1.00463947943232,0.970867639965117,0.999519932350538
1.04879333676184,0.969250216406348,1.00666232743099
0.985630633874095,1.01752783429011,1.00310825608476
1.03986471395195,0.9241888301992,0.990712648536896
1.13109472097581,0.881533542778619,1.0076480452394
0.962432777365993,1.04588043257494,1.00025438055443
1.03904526415923,0.959508776352176,0.993975715622544
0.993864499425813,1.00075196158236,1.0053150228999
1.04177536250348,0.942611667865208,1.01353127142084
1.01154958830167,0.987472919853707,0.991174920853844
1.05622752902584,0.92869411840748,1.00877436687124
1.09916503950156,0.892818816581371,0.98940422894393
1.03842431108899,0.964401134199687,0.993987412112307
0.998199768762804,0.986874621780705,0.994526520666884
1.05447639733017,0.949065092141154,0.998136220642633
1.09349257450636,0.882269228727195,0.996582376239873
1.09276058483708,0.928968791987068,1.00818193384256
1.03517080244759,0.9712655449921,1.002838489331
1.01989378678195,1.01300169651483,1.00970040380709
0.96479283251385,1.04272163225564,1.0115445141991
1.06442649593654,0.937506350222952,0.993556785098668
1.0220669184286,0.990599728015437,0.988892790475788
1.0851086043303,0.913749098522671,0.98569195197599
1.00572309308107,0.989620457177644,0.998743174606975
1.10430947688178,0.908583958659296,1.00586375600534
1.08299500224137,0.911074797206147,1.00447133971275
1.04287315397919,0.964842692092993,0.984444048050371
0.95032075879431,1.05675589845122,1.00434859654538
1.04428567791402,0.939632035704196,0.995123790681135
1.07041115342139,0.902454886826816,1.00273506624982
1.05276839980729,0.965810718163225,1.01236961463852
0.935790573199441,1.09821925388371,1.00824456971139
0.94965341281052,1.08437656905635,1.00783414803286
0.957948562831716,1.02883348765784,1.00875813417551
1.04920874747794,0.967797582190192,1.02385930595614
1.09857148542155,0.933257176632875,1.00327944666398
1.02791480099213,0.985536696666149,1.0066588040964
0.974534850089856,1.01494174595727,1.00608230018685
0.930556720582379,1.04515906288822,1.00815334745453
1.05146300461641,0.965633329815383,1.00113451675333
0.978018755835339,1.02558890722127,0.991203634925285
0.971523427945365,1.03100828656998,1.00800263876159
1.09802173571138,0.860484379414861,1.02082175812403
1.01502563527812,1.00385837502383,0.98047090661617
1.01906195192288,0.974068565179691,1.00311574819715
0.937685953620867,1.07456632731661,1.0050375335768
1.02734684504336,0.955437860457412,1.0192910859174
1.02213500942978,0.99142244428675,1.00169267618299
1.04915032263942,0.955063313598782,0.992960581059714
0.98710704011584,0.994151214862332,0.994276232232884
0.997059703343017,1.00603918716011,1.00214050377129
1.06519198046007,0.904267403148164,1.00348379495932
1.01113770426032,0.987484485121661,0.996777559170896
0.992137810194737,1.00344593044315,1.01125595467582
1.02249874203224,1.00528611354695,0.996263294698449
0.95884873422935,1.04306828720602,1.00164315032066
0.916996494742818,1.07856598219767,1.00306003538426
0.938769809818973,1.10338239777896,1.02191631986055
0.961815302087916,1.05385619259957,1.01044601836117
0.939007008407146,1.05592152888505,0.995788863877881
1.09263561670903,0.920609212986093,1.00382386473072
0.975883536910627,1.0348246506789,0.999162831668805
0.90795529935605,1.08620784672579,0.990337602135213
0.970977411909961,1.00915621299313,0.984594516232385
1.0566669922253,0.938639190675281,0.997782954177866
0.964061114323534,1.01703094270528,1.01261952439109
1.00357576876651,0.988015523400442,0.99210136730231
1.07579042744799,0.930555765876723,0.987905470184301
1.01232643840623,1.00860626051252,1.0249331694181
1.02066815336581,0.986408788367579,1.00843401547517
1.0276704243492,0.975026668036914,1.01437590751569
1.05579298130357,0.935679769835939,0.993120802935505
1.00113198765625,1.01654409896146,1.00165249337574
1.06490427023605,0.921442816420294,1.01001407659078
0.991515308825801,1.02441171011769,0.998030080931545
1.05154365968592,0.936827563896931,0.985233159369794
1.11625656455944,0.894461149224464,0.99428517056935
1.00957729443027,0.989078627024701,0.991523464396374
1.0190421752528,0.982167852494877,1.0026723860325
0.952776035054981,1.05684356513047,1.01509000827347
0.978324356712719,1.04016445624297,0.995200812599981
0.943165349315536,1.06159160085309,0.990995676516739
0.988429990232823,1.03904098407696,1.00192444545846
1.10528273957572,0.917959697317915,1.00996899416189
0.9947310515319,1.01448071407549,0.977433895027417
0.957909873092492,1.01453665487679,1.00287372309319
1.05100630268507,0.95395585315194,0.978451223376257
0.956447616519754,1.03479400446955,0.974979341541449
0.995368918632219,0.988023662661215,1.00048767227375
0.946544537483862,1.06360715228378,1.00806880748032
1.00461194215798,1.02162017502231,1.00224207314021
1.0176900933624,0.982602120523141,1.00825482669878
0.959255488720249,1.02625995160622,0.993168267980458
0.981341139445242,1.01157587752689,0.996956531009657
1.04760393080041,0.948607156509266,1.00455273686958
0.999096254169546,1.00270573173435,0.98938931926799
1.0289118222329,0.973521458789087,0.997097771004288
0.935693664058758,1.04844176299939,1.00199889347839
0.959970212882524,1.02730465248721,1.01225415916087
0.986734736811629,1.03379550570481,0.98471573616982
1.00838692768976,0.983110172171839,0.977410367852301
1.03071314363836,0.975086472627981,1.01408447559324
0.948158011846563,1.06239133851936,0.998629104698713
1.02482608256299,0.978870351741984,1.00011491505924
0.910719155752814,1.08939213193063,0.991907045337689
0.958276895319927,1.0549361145881,0.99575689183902
0.988999549383044,0.969564101388172,0.99358487678436
0.963954034729474,1.03786102456086,1.00032402881788
0.964373228351858,1.04461393513706,0.986075427232366
1.01593905660884,0.974951391030906,0.99198390741435
0.954702609841903,1.0367878363985,1.0090716163933
0.990390876057878,1.01096315044857,1.00581607659211
0.987723252284534,1.01055739833562,0.997208037207405
0.992395754469933,1.00324172305527,0.996503921568019
0.999581811656866,0.999384695876865,0.99455803158357
1.04640978310134,0.960458540931858,0.984899101348737
0.964658989472594,1.01159446417656,1.00447438331483
1.03663668692992,0.986905859113647,1.0111874337962
0.896567998247563,1.11688704050588,1.01576560879143
0.95243611844006,1.06338614509789,0.994417459692722
0.99452455087684,0.996212803918933,0.997980613477501
0.99945302862217,0.992760032302377,1.0034400820938
0.97920205765812,1.00180862193984,0.999648417419543
0.936258062935402,1.0774138046044,1.00296644766721
1.02146010374304,0.969005081909482,0.99748509882128
0.882892825469595,1.10446392037364,1.02078919282463
1.0476978086346,0.95969309707418,1.01128698572524
0.897278743167676,1.08635321466137,0.983718106487874
0.982602795858798,1.04425851996582,0.988634678329904
1.04909431828181,0.949571713722145,1.01515952055238
0.927248393209601,1.0543792503333,0.988049322365837
0.974584938886954,1.01882601701623,0.978658117782962
0.90929308980347,1.09814417494483,1.01647204370972
0.997463737792603,0.995343223352978,0.984758073059295
1.03038123356119,0.982380862836732,1.00143813670146
0.925093528375501,1.06548065727821,0.990568603066347
1.03707358186312,0.982130891881829,0.984190003994182
0.990887105696443,1.01621040303926,1.00469368803204
1.04607260586949,0.949379110058714,0.988177770329342
0.935865889294667,1.06310021768454,0.979519832358668
1.01274668889023,0.984409142386922,1.00767437677355
0.994653816221703,1.01543636802879,1.00725856387407
0.983890028942762,0.991543809235684,0.996895124689354
1.01363928354171,0.977518710911319,1.00832047830611
1.00017820810044,0.993112130091269,0.982496135273165
1.07730768913023,0.933656811271935,0.999838205638821
1.02985519953192,0.994349237804594,0.99404555255198
1.01395015908611,1.01040977540689,1.02128592012686
1.03923812053015,0.950668517041252,1.00041038634631
0.998886376070978,1.02663812085941,1.00371888873754
1.06074255338603,0.932843792280001,0.995333970922611
1.11609565694138,0.89046826798752,0.989502533797659
1.07326035569745,0.965381454942854,1.00288811155868
1.01137619364979,0.999203284574278,0.99315537623695
0.968902902442498,1.03977728027923,0.997148450095475
0.98196695929003,1.0236151681501,0.991643709040899
1.02902806043588,0.980194658553981,0.993245606251613
1.01556477871077,0.998004112474101,0.988128796091935
1.00970384286781,0.96917633086097,0.982597986702612
0.9087215673755,1.07303212422995,1.00272147479607
0.955466676502041,1.04851952682507,1.00173406896704
1.01924267729976,0.980503782568085,0.980842512441642
0.980297326141587,1.04205373124124,1.01293223874678
0.990366300118115,1.02097743839835,1.01700829305053
0.997501215206719,1.00686288025852,1.01892687290529
1.04960112520511,0.940428738925462,0.99962626658303
1.00073084223539,0.998468323372953,0.98709773928137
0.964945732117437,1.05118053331407,1.00399336212818
1.00989445579533,0.961829179015332,1.02175841189284
1.07084475742137,0.935345668124928,0.998454922267386
0.951146492169177,1.01402642994729,1.00520798152453
1.01738096230671,0.993708331112234,1.00482052527116
1.02884957915565,0.978982927146172,0.991813662177045
1.0118742711082,0.98322445536904,1.014117647951
1.02533952522934,0.993230880459222,0.987203256707888
0.955754369609434,1.01457097371569,1.01580156141406
0.984791735936168,1.02596200707126,1.02022147305269
0.953838389669089,1.03064735447866,1.01022877442397
1.05180979013836,0.961921848484429,0.980845692613958
1.01430755658085,1.00354622255511,0.997705102597161
0.939182751351476,1.06898846247363,0.99065191080663
1.0168159901225,0.987585249867135,1.01779121273626
1.00321127552511,0.98360309656361,1.00101395088093
1.02775817718465,0.970072253067866,1.00415552830723
0.934783157761308,1.05067652587366,0.992544193401802
1.00975264640691,0.99154493677594,0.997534051141229
1.00687401670137,0.98851174831656,0.992779788570986
0.986616459582209,1.00283295814565,0.997510169530442
0.953190632457679,1.05728165985876,1.00222061182408
0.934527447532647,1.03302335819474,0.990721979105904
0.987990937179715,1.02435906796848,1.01042673022907
1.01121680012995,0.986249607926944,0.988450924139541
0.959416437952769,1.03156816729306,0.986348164900483
1.05835130404367,0.943894601055682,0.991527462550988
0.975047354119633,1.05454366089615,1.00201074102143
1.00334003139605,1.01368866091038,1.00583829071733
0.941964875477931,1.06848375593684,0.997059197649518
0.98313045854157,1.03624078724135,1.02254581171744
1.03724297132714,0.973935583057308,0.993471708884525
0.941640904538498,1.06862039071548,0.997589486243165
1.03241832051484,0.95588977847436,1.01241745183254
0.998409370802298,0.991538332654641,1.00900607681192
1.10032649469923,0.879232603570247,1.00845371493874
1.13392458838426,0.87945484842886,1.01100399923902
0.995754169195061,0.993633600988631,1.00884129819506
0.893577089870831,1.08428219847555,1.0130651707565
1.05847804756889,0.957172358623213,1.00536256883333
1.01340750214463,1.00494156225678,1.00525175052023
1.0393809711097,0.943007224720123,1.02011605278984
0.998607627606518,0.996042096932356,0.997358494184183
0.930662011637882,1.06833279777939,0.989446929831159
1.09877806646982,0.894938385962179,0.998834490705901
0.926310137972464,1.05479340714315,1.01184761721864
0.914211659968525,1.08666268336586,1.0094362603318
0.921753805249365,1.06640155370952,0.989950818061812
1.0406109830482,0.924795987870153,0.983585744847764
0.959699558623562,1.0495720768623,1.01376297704347
0.974678930453693,1.05272825681863,0.969538478378375
0.959691898752827,1.0519852906016,0.988468559655
1.06911007773101,0.939060564528051,0.988029788937608
1.08958697515184,0.906381821710715,0.998168539327266
0.932508493141421,1.0820523357849,0.981784146416007
0.976312540034202,1.02379407263448,0.986711408533915
0.963185483144072,1.05251304359977,0.99263980107943
1.05945521435074,0.969733338985858,0.996983957933563
1.10061536274462,0.895739884640544,1.00601797722338
0.93323949379329,1.06130492461091,1.00826922762758
1.03858190323055,0.937351755874845,1.00886335740383
1.03854227103824,0.970975513617197,0.993623249090984
0.980131280846572,1.02167981488288,0.992415142860881
0.927472953579094,1.07143171049747,0.974689017943664
0.994607372136059,1.02190135382013,1.01365755929434
1.04016025417186,0.942971059959204,1.00128544027606
0.94874989294907,1.0458475842078,1.00545741109617
1.00458745585589,0.975238184089566,0.992727996753161
1.06653267424411,0.933403686340135,0.996199863262848
1.05377454643119,0.957269380209082,0.989474345625113
1.03925890629819,0.973785549007388,0.999528247937136
1.00202525141405,1.01526109259343,1.00805396051491
1.01074284162487,0.974965984860472,1.00784759199083
0.930689269273109,1.06166180474154,0.98943092426365
0.992472622664979,1.00493205673818,0.993091675909759
0.933723130078003,1.05609593575693,1.00728949287139
1.00357763490121,0.980505075394537,1.01679345968957
0.931698209684235,1.05768488533998,1.00102776416119
1.01596760817616,1.0319539708464,0.994584763514464
0.97196580173751,1.06684721583164,0.992075334213646
1.00895490887952,0.983472805705871,1.00534627898287
1.05846020980459,0.926078784686222,0.987531975274625
0.986834213467121,1.02229669218356,1.01305385248032
0.991088579867534,1.02213361318108,0.988545466629155
1.0381713272322,0.972088907331208,0.991119751536963
1.05002587889441,0.962402036965355,0.99499736823105
0.878434830241403,1.13244011829787,0.992586948345004
0.942595573326481,1.06880079193268,0.997725244495137
1.00526707069362,0.975666472870679,1.01222490114921
0.952428171061035,1.05110354697675,0.979446104216546
1.02483696199392,0.980289788611719,1.00119888824166
1.03181591889631,0.960184337689391,0.997272907209766
0.96978727586839,1.03384842669006,0.984025833817847
1.05669845874051,0.959992727775284,0.990032277041311
0.953206810994502,1.03878252031605,1.00737176298231
0.887824480689516,1.09918622797254,0.990344777892572
0.998802039085813,1.01140145499566,1.01090718944155
1.03987554810271,0.949457958318638,1.00604925033409
0.98053289769567,1.02526027187632,0.999366702619364
1.04528040330742,0.984575425235368,0.995650762748312
1.0855821510759,0.915726060765696,0.996921214812224
1.04790189897578,0.968457677545679,0.990581098793169
0.955207564878936,1.04969588054255,0.997611080038337
0.98331514439777,1.00201360631903,1.00164795651252
0.923230062060227,1.09895661903539,0.994362359136492
0.904849404605683,1.10331320581921,0.987946006550552
0.96993323155825,1.00998123249719,0.98955285676176
0.951551611784507,1.06776888316627,1.00467058012516
0.978895854497191,1.00440172470925,1.00623933766795
0.956446974333454,1.02818666777848,0.99049130563125
0.998048370995214,0.988698210161261,0.99538506454248
1.00243482044601,0.988535379837515,1.00405548457875
0.953892144149766,1.06849225700495,1.0044913644318
1.0015109337168,1.00327113438715,1.0013828165638
0.952002782258841,1.05061992348222,0.992194568320797
1.00433757763451,1.0119379129775,1.0120946537315
1.01038640200626,0.99086030433557,0.995948748237863
0.91364929392691,1.07632318745385,1.01680408712482
1.02769677767345,0.980557233162811,0.995088209974629
0.957703492897318,1.0596257911368,1.004228691913
1.04895972947833,0.939505607865979,1.01171301906107
1.05866590625455,0.933914257563957,1.00055322461878
0.99567486650301,0.987288202743785,1.00746386293386
1.04197386656161,0.9445242009139,1.00327455857857
0.971909867913945,1.03926120171536,0.991504801064994
1.13362216509654,0.849343754831021,0.998496680181725
0.962235643256103,1.04167414766139,1.00721516419765
0.964374033452284,1.02138528718019,0.983093017618297
1.04162885945606,0.932477872636817,0.996545115997041
1.09376125537212,0.911522437044845,1.0038786778863
1.01574074816851,0.989420167404912,0.979618721984373
1.00340744092458,0.990799229698637,1.00926550959091
1.00691277805604,0.979853675351769,1.01643982946625
0.999136449676243,0.982139526694272,1.0037527892905
0.956483865604962,1.01216749630324,0.996769485273357
1.09305324814961,0.912699812236719,1.01262554416398
1.00344195349241,1.03264794136942,0.994028271115091
1.00328347465284,1.02272553715994,1.00348851537404
0.958645589404106,1.0404803486517,0.99437325715657
1.02190420409479,0.964297263239963,0.996931245072193
0.927434247632521,1.06041430392316,1.0161684443621
1.03551746907666,0.9558950922027,1.01585886312328
1.02977082305293,0.964852316310864,0.994441387072047
0.937779323616564,1.07685793229442,1.01033951305235
0.944317939094523,1.07102183456815,0.996139593799666
1.05036885529416,0.964564161501131,1.01256383594623
0.981540961389359,0.993851040410452,0.998544945032228
0.936167428818994,1.07868847660598,1.00488095160205
0.987686524700234,1.01908161607407,0.998606680278403
1.07607228465551,0.91862666091882,1.00235554796551
1.00031626261401,1.01437066302492,0.999628025647586
0.968043772696879,1.02560628458169,0.996686357435759
1.04075580281807,0.979083476678828,1.01804537914019
1.03575828861243,0.969261238912558,1.0073500715602
0.980061143969162,1.00399553153843,0.995689448961971
0.958882560062823,1.03980660035994,1.01102437721753
1.06871027727047,0.941280550429789,1.00335743218622
0.974805007928806,1.03639802296277,0.998026031315173
0.934712800202973,1.05787330906515,0.996427809656455
0.995694041742388,0.985953486403616,0.985366128750334
0.961753614389017,1.02970138240873,0.99323478233184
1.01547598761568,0.954130753851055,0.996323734191146
1.01941199868245,0.976507238632266,0.978004673220796
1.09848939896085,0.896867210925191,1.01180694606081
0.957844734028638,1.02772137014285,1.00924742990064
1.01804222945085,0.986856668050213,1.00695040545465
0.970471055662715,1.03547205650365,1.00905829556754
1.02583080683964,0.975529381777234,1.00080556067425
0.953773793424289,1.05389108861875,1.00114131819585
0.978331049015951,1.0052833076508,1.00457024469546
1.06150979545133,0.940745972557939,1.00276963174439
0.919441021865113,1.08250661515721,0.991952736129466
0.973276126160272,1.03667734043259,1.0036191668332
0.904641473902111,1.09112649623591,0.99471965491921
0.965995520336493,1.03910923606879,0.995508295580195
1.07506247644814,0.912146120505372,0.989472613351838
1.09456764155684,0.89987296415526,0.992985333680323
0.993476306791231,1.01520669745576,0.999193983925183
0.966446960193643,1.04704034889936,0.993060735884357
1.07318622935854,0.954227505897705,1.00503703505199
1.00747690959679,1.00249230563652,1.01417078609765
0.959868263836859,1.03296474174038,0.972238510213623
0.999288995938254,1.00636073665424,0.997371433874875
0.943429666142612,1.0684565190031,1.00031817702191
1.07599387181435,0.919388080354021,1.00137208709577
0.926821302262854,1.0808522753134,1.00701538760949
1.06205884798445,0.983670320977858,0.984463504600425
0.935394853600022,1.05257924967035,0.99634193290322
1.02845993598748,0.955151752830774,1.00727883572658
0.989990549700543,1.0188720309079,0.999551692016348
1.05759670633274,0.916335704267448,0.994211086099138
1.01150921093045,0.980773541038042,1.01222843476811
0.987617877088554,1.04510130039411,1.00681024342184
1.05531073491983,0.954311423826241,0.982071649436542
1.02638140245178,0.98552771506595,1.01083747296538
0.951961233150598,1.07934654661192,0.992658001898244
1.0318694026005,0.960954682186768,0.990721135315229
0.853966598306618,1.15157948201463,0.996571295045225
0.92569442814532,1.06719921089953,0.994450990326734
0.994570542805042,1.02320613501056,1.00344183031585
1.01187575218097,0.992433391533655,0.989204903555715
0.994288362922227,1.0053511753999,1.00988872362282
1.01596342623789,1.00232060102232,1.0057853911332
0.967868317865809,1.03030506821948,0.991041275613549
0.967300102463743,1.04267648957763,0.985086019113954
1.07345288335837,0.917503044819179,1.02667564477378
0.964477060857051,1.05670000864017,0.997684813714696
0.938334974642117,1.06709892300247,1.00462199621607
1.02009338032143,0.963514345758239,1.01331689741277
0.893995835998587,1.08951843328713,0.982714544179948
0.953571862087373,1.06654028474283,1.00762164736792
0.95283397808114,1.04833486971451,0.999918484662279
0.994689989907487,1.01674451330999,0.993740325432238
1.03753151622845,0.972754000539305,0.995822766454351
0.919645224240594,1.08987301774161,1.01040759382198
0.999063288134165,1.00730570672222,1.00525475198421
0.899485081840268,1.10341692332796,0.997353844907849
0.894291446467364,1.13580228941966,0.988519517567194
1.02874872813262,0.934272091480891,0.996486892323547
1.04553654055688,0.964822094812245,0.988184793290715
0.904134068815532,1.08090254481831,1.01908593498518
1.02568747539259,0.985589872890216,0.997295830247123
0.975121345453474,1.0265359754868,0.993264316602665
1.08358486448717,0.923305756723867,0.97834350926033
1.06811595639743,0.939508575639708,0.986140510625083
1.00490645336316,0.97513757360481,0.995564387243335
0.986459954750555,1.03068236164823,1.00909700558151
1.08790558439614,0.889399068658762,1.00250521748103
0.948714601899244,1.04657749586036,0.980079337966607
0.982740457692518,1.03259334877861,1.00707019308498
0.96442551753968,1.04978335577371,0.997485409496042
0.999242834708816,1.01788437399775,0.988413980382275
1.04181642240569,0.958546071279648,0.999258299071458
0.894943454011774,1.08139796525705,1.00438385570254
0.972516939553654,1.03934027796621,1.01406106475033
0.931441743764854,1.07832493206816,1.01503231929726
1.0547341329835,0.936654914373936,1.01926642602067
0.961384482952701,1.03166184312829,0.997758960470092
0.998730318882179,1.01930316824993,0.993710298635877
1.04761736794257,0.934745867223567,0.99881190038709
0.956220013048961,1.06063023512225,1.0052746681306
0.901570695073479,1.06677704131332,0.993295126131906
0.999582866963266,1.01336496950359,1.00391283419002
1.08095829464697,0.938477535381949,0.996486946498262
1.04242595383532,0.970021585839581,0.989403065115738
0.991570913459741,1.02821917025006,0.992268474451916
1.03804326145356,0.94263248557877,0.986190202048572
1.00666368588482,1.00773325992604,1.00232301859749
1.01083386535887,0.98230283666761,0.99731318490436
1.03563993199291,0.961299724338206,0.990682595016606
1.00797905752163,0.988668252157357,0.991167466943073
0.98584714403249,1.02615334487722,1.01745962874599
1.02733132046696,0.998877237103077,0.996440156340388
1.03671832341795,0.97662479750559,1.00772953213918
1.0252697540324,0.976520626675015,1.00730082366815
0.999444830642698,0.983301084519433,1.01278978300959
1.04051932746233,0.952952403943744,1.01072377374471
0.919403818190383,1.08296937867865,1.00419973711351
1.00643852165682,1.01371302501908,1.01283355259045
0.956005008477219,1.03079821902947,0.993196321016444
0.999325877682405,1.00650198070479,1.0034567754626
0.977010678293704,1.02530391677199,1.00495096243923
1.03759305592598,0.959491789808101,1.00270758370186
1.02507641777925,0.972704648345619,0.986837541436013
0.929263393946842,1.05109419827053,0.996715290664076
0.91408944715396,1.07764225758904,1.00361750995041
1.04046896307856,0.968739219955425,1.00026786696968
1.03816306896136,0.935322836862041,1.01265104628943
0.928561002161014,1.07051488116497,0.992211125449782
1.00219548127421,0.989948553525407,0.992615030833626
1.02612569369502,0.972155548009422,1.01210627620803
0.897847886195224,1.09535479303494,0.999176766579079
1.00194022891365,1.00015843044551,0.993965230841758
1.00790753022425,0.997340919882706,1.01293368379771
1.03314052357998,0.962057157474653,0.99998239810129
1.03375291496649,0.96635377160822,1.01003104890621
1.0066847094433,1.00569809652259,1.02068853606385
1.017778374763,1.00283902047757,0.995404751283927
1.06317297404773,0.959320679936893,0.989519101267441
1.03782423241911,0.971037580837582,0.998607529546792
1.05283882604999,0.962050878722319,0.998263259293917
1.01884140532325,0.98351349221086,1.01381436076321
1.01802274353152,0.971498773977054,0.999736380455412
1.0157733623359,0.961913818663469,0.996461631913923
1.00692877178747,0.995962842701381,0.974468977867836
0.979853983129933,1.00320149695939,0.987206832348566
0.971829767118454,1.0141653433434,0.99099196929362
0.986787376496508,1.0243331429461,1.02084152836448
0.962190924728122,1.03037228956923,1.0074239407296
1.01137017111023,0.991447263484479,1.0052661611467
1.04673302291967,0.949159201916862,0.994621275079037
1.04613544016481,0.95009240774202,0.988190246264352
1.07372239227996,0.944212818983638,0.996878562440001
1.07724699783023,0.9403118653533,0.993840780585629
1.02569798531819,0.987229868742381,0.99546886913373
0.945447761475684,1.03817003082919,0.987864556709521
0.882426248608645,1.1058356279904,0.985360721888698
0.929780946439738,1.06789568415134,0.997743687069782
0.947895038827413,1.03849836874132,0.988801133324311
0.986134822247603,0.99887541077357,0.980897918332913
0.949186764848765,1.05938715728734,1.00676937035322
1.00052826182725,1.00006718032207,1.00059165803706
1.13169011290993,0.865177601136214,0.986398290978188
0.963045429016253,1.04635242048093,1.01374358720915
0.992997713725111,1.00038426743082,1.01016700742144
0.947375459502251,1.03792743218709,0.997606045140095
0.913865983784614,1.10495443333845,0.999536903165006
0.987156508746532,1.01296835454239,1.01363010448584
0.983607754031728,0.98718841057025,1.0048543379925
1.0963261420825,0.900549243360309,1.00334878417717
1.04877429627012,0.965250645815908,1.00000296775276
1.03760304382446,0.938049304731507,0.995562152760285
0.936541363868331,1.03758071650958,1.00418516885895
1.01402195427871,1.00210042797271,1.00066889008075
0.968503703925653,1.03372844085991,1.00854621361204
0.999109054127387,0.986166876248212,1.01485088422155
1.02431995399899,0.961042993778022,0.997091651478812
0.915346584632001,1.0744865289204,1.00928653685309
1.08172529368191,0.915653149985688,0.995213158502653
0.973330788371602,1.00471784224536,1.0082550777666
0.924205742140241,1.07186499009084,0.989011082644484
1.04116897431786,0.967449402381075,0.98356698205405
0.899779931817475,1.10202278537876,1.00432282386849
1.08806871808557,0.924921202086124,1.00483236117335
0.921380561387398,1.07518415294552,0.974625969374118
1.07006228228254,0.928815425025393,1.00779762603342
0.992898234448564,1.01813290243662,1.01232686123784
0.975641306479228,1.01104259952693,0.979678524352341
0.961242520967466,1.05271875395232,1.00739092348731
1.06719007209045,0.927794022356012,1.01975331276887
1.08803511298196,0.908979937881453,0.993539606699485
0.969744438013833,1.01864545958891,1.00699108493302
1.04633195099442,0.945110005699104,1.00841252467565
1.04963331607442,0.950374653410424,1.00249342557767
0.953727309978593,1.05473174487005,1.00602764674035
1.02347974573102,0.961560209328667,1.01478717183456
1.04274157049416,0.96726942961653,0.984513561487806
1.00871406232654,0.971093946059309,1.00768374367848
1.01199868705084,0.987772516976823,0.999691107729366
0.939286240368644,1.07581454890044,1.00723918683203
0.97589496970254,1.01567093883522,0.977559494918566
0.988558201941343,1.02308223553546,1.00453530377109
1.01545420347827,0.973812477188045,1.0038645601323
0.91406992562359,1.06495126409813,0.995803211739778
1.01450847253222,0.964983303848145,1.00127884043355
0.999752201605494,0.99847607817684,0.99970118998236
1.00014903141211,1.01951214825446,1.01515114596009
1.05642753558069,0.952787078949835,1.00323371795805
0.891416789859602,1.09816284565985,1.00672327386138
1.01965323732453,0.956854181574831,0.999237756633931
1.02623513632418,0.969206156302391,1.00932519329139
0.990212917876777,0.986492109346726,1.00755480134911
0.981133699570055,1.03060698333631,1.00041906745601
1.0378199960362,0.963816750445444,1.00351284660325
1.07984506464232,0.930047494932745,0.997982741552872
0.988418772839531,1.03440699633772,1.01215245264405
0.979342864850923,1.02726449694159,0.988872067594881
1.08021366818833,0.902484374347324,0.993447148251176
0.912737052125736,1.07561580824753,0.996761438465898
0.973532562601775,1.06636104618166,0.997071921927558
0.999580421851563,1.01163168366488,0.969822380639759
0.98326044083932,1.03774175636904,1.00930030832664
0.908483278225499,1.11235213400279,0.986479617091307
1.05576265183423,0.946811142620914,0.994183153895279
0.971451396723083,1.02780574522598,0.982940360103131
1.03060746170506,0.980866230150588,0.997445460951347
0.998559557812252,1.00692719623997,1.0064052376054
0.926089569552732,1.08734605756879,1.02438638608578
0.977307376974067,1.03424473162356,0.997367068890738
0.976918489643267,1.02004575924693,1.00218806642956
0.918061950433668,1.07638175220625,1.00309012193859
1.00690800298903,0.999612052896486,1.00929608754825
1.00653813511402,1.00219076681018,1.01033224995329
1.04142779908345,0.925239598591703,1.00549681848602
0.961430747211544,1.03798111627978,0.975912570239407
1.06708842084359,0.924274324560583,1.00243801146921
0.992114517220236,1.01844286730256,1.01116586514725
0.901982093194578,1.0769387421333,0.986646986405789
1.05003445940829,0.971098012178088,1.00422074900348
0.922314739801062,1.0537506806432,1.00358480955032
0.98811019572383,1.00066336736365,0.991424948390474
1.03509609430681,0.936030341634574,0.981102298126198
0.936315999717377,1.07744149497901,0.992661415559132
0.940113895804124,1.04818871868479,0.988626875177182
1.07294137953174,0.935871994077146,0.996841332518737
1.03847135071703,0.947649181745513,1.01903071111155
1.02269725536091,0.992035882563217,0.978805811127051
1.01403283811543,0.998112344480679,1.0106367220737
1.02212796614524,0.987295292662439,0.997777619757431
1.03110810512513,0.951907264745699,1.01650362897899
0.952708511809234,1.04858753986296,1.00096184140697
0.998663418437065,0.990090369807708,0.989494235709
1.03742707082589,0.942346343527915,1.00190252645575
0.974999033691421,1.02492828250593,0.998381576277813
1.01289523613492,0.959166346639057,0.991327353758942
0.907429508785995,1.11512838530607,0.997506275038067
1.12259352638985,0.891778436302048,1.00271970971847
0.860146760130179,1.12597759269722,1.00885115256461
1.0190318627298,0.983575549815963,0.991532437977657
1.01143657983559,0.992711681925047,1.01918040602134
0.98506497033029,1.00529300645935,0.982048604695837
1.02642640851568,0.985136395154349,1.0100492028202
1.03380199322987,0.953748012870618,1.00671443072695
1.01314269211682,0.993222349749386,0.990385929231039
1.05530328674862,0.930252900625694,0.997204848002016
0.987110199821139,1.00468860448829,1.00711817791032
1.04772429506199,0.944954960057166,1.012476275863
0.996940966310379,1.03395494431113,0.988763622328678
0.966956153053695,1.05170001550041,0.993874285419366
1.03516326143745,0.95956135958975,0.998040196924669
0.882824756256842,1.12029192856451,1.00360612461901
0.994502656333032,0.994726979679285,1.0035188179229
1.01265973407039,0.99355573638343,1.01412104966299
0.911304943022927,1.08197377445052,0.983286256609109
0.991644648332753,1.01113009655571,1.01740405823923
0.965044375929005,1.04984508299846,0.997552229700096
0.995723831206918,0.9994332876323,0.987106831642202
1.00867121796642,0.98301221696428,0.996538907098615
1.01044779793324,1.0144232196592,1.01417725709463
1.0775209314098,0.90782982061268,1.01557421346026
0.96620227731265,1.0402165619635,1.01492509977557
0.983887068185512,0.998737894872869,1.01926808934627
1.06560049400256,0.959833226315891,0.986109947854366
1.05231446051149,0.945185635315417,0.998882952560403
0.96226184956233,1.04417135725803,1.00009923782092
1.03987291385081,0.977067920515346,1.00758153724376
1.08960056294932,0.918656285355757,0.994667381391045
0.938928589960234,1.09853450281875,1.01340003260774
0.916925601717937,1.08790736784311,0.99433751798119
1.04732474192766,0.933612188774089,0.996750911126461
1.05627542645765,0.908411942976934,1.0210926645684
1.01194637416454,0.98358849448685,0.996072680160998
0.994894996491223,0.975067769996934,1.00578274301938
1.0432757967178,0.956122721147502,0.984657915208763
1.00228429325469,0.98648058215834,0.997814493906379
0.957477794438489,1.0470288130674,1.00471948121109
1.15576014038164,0.865823060244101,0.994523829275688
0.982091694307075,1.02420946267142,0.997685607993862
0.972670209221513,1.03290469204001,1.00806059247036
1.01821124067837,0.975353696373043,1.00784563810253
0.990852930413104,0.997842510376911,1.00231182738977
0.912233965251318,1.08708045524393,1.01770026407696
1.09438976193779,0.892725951841876,0.991720851738472
0.974472920262576,1.05068888898064,0.997118033297338
0.86901368483693,1.12728233722173,1.01083637603667
1.04160936018609,0.9530289036357,1.02107010843871
0.963886256852283,1.03015664587564,1.00944837265414
0.922189428775454,1.07304783335584,0.986230368790935
0.905085917095959,1.09089585689611,0.99755868432261
1.0238488804938,0.968380417029446,1.01091799923068
0.943874571799264,1.03841445480469,0.991677422492074
0.969053756093349,1.01866813534991,0.998364663447133
1.01316689848307,0.982269201328676,1.00254839165792
0.852494008296053,1.15701983031798,0.997717029744269
1.00580523909701,0.987554368288393,0.997578831214657
1.03044698994811,0.952518700582385,1.00790266887114
1.01956574861804,0.961664042674882,0.995368813544302
1.01647285609744,0.99526487691479,0.992550384572624
0.94572193549763,1.02776040902118,1.01913273547543
0.923670635216629,1.07403363914158,1.00888631364568
0.982413785306475,1.01704735426557,1.00412824176151
1.01085641601135,1.02867865546982,1.02032537495778
0.996606764941366,1.02995726371162,1.00271170304987
1.02416853788221,0.963007798471542,1.0036731780623
0.951534611271593,1.05602115479291,0.999593921982756
1.12541139743248,0.884515800388696,1.00026813436694
0.994755424355494,1.00390374276497,1.00490998983629
1.02098043057162,0.972385342155214,0.993665496166555
0.96075097330458,1.03061602381923,1.00126269442654
1.00060757155837,0.982417190485515,0.986597595420208
0.975878349852061,1.01333561304937,0.986469211629908
0.921134466211776,1.07780424410349,0.999948229287064
1.01703674786868,0.987696208998159,0.99522006036109
1.04077994888809,0.994119382927871,0.999376073704043
0.999105068674599,1.00140826185651,0.999430267768577
0.948796626381889,1.04704859443107,0.999651324061596
1.0334187562314,0.973470859392276,0.983127091118153
0.966127653490836,1.03653324518003,0.990433655755068
0.955294913972103,1.05309912644112,0.996614779940262
1.03894251154296,0.958183077839795,1.01016768109476
0.985510713503774,0.998766228792811,1.01989612747126
0.990709271054793,1.00606130352222,0.996145373056299
1.03115071494834,0.983286022046312,0.99106600794582
0.976350513449807,1.02187134235585,1.01124264857014
1.08768208337434,0.908478754931587,0.993014607140515
1.00061251003217,0.985738495201712,1.01305255221846
0.909924359127582,1.06938971926205,1.00102301319014
1.03816938225673,0.969095346668313,1.01218582640773
1.00117615968227,1.00809214016295,0.995798752362265
0.989909646460415,0.986768554063452,1.00323093695868
1.05285897155759,0.954702954546245,1.00270351910203
1.04531944859002,0.97742899027648,1.00358121058864
0.891421780183564,1.10906292789392,1.01746016529621
1.01259389379645,0.991651386505086,0.994466427440676
0.914438213776836,1.06841655085258,1.00855528371447
0.97345275398241,1.0263828939639,0.988949265727907
1.13228625933111,0.867796722636521,0.992550617098024
1.07629831396058,0.923545928546145,1.0009370081222
0.949938186764215,1.03834546004723,1.00266901820611
0.945643070099534,1.05017134050207,1.00796318734148
0.914972872548204,1.07823746981412,0.995349793847133
1.05475459554871,0.931971706135419,0.999630497721262
0.978760454297979,1.00243599048645,0.994381249544081
0.981234127900985,1.01093323387102,0.997685153586373
0.937317935716062,1.02824454039974,0.995269700102307
1.00090759563399,1.01270073060645,0.984564857035855
0.9510547169489,1.05647214547567,0.988905848674873
1.08002257545985,0.938104378759325,1.01122629226027
1.02104832169913,0.992008728826712,1.01558219571268
1.09821419660622,0.91907057401852,1.0094547162132
0.912742959143879,1.08883400336405,1.00551925147544
1.0105527021594,1.00165260021362,1.0054247767713
0.986481644921176,1.0128814152914,1.01029800938391
0.913922577011124,1.07353863632141,1.0004078627129
0.9869715645207,1.04015346877333,1.01714110009882
0.942135669583606,1.05900624579801,1.0121930875054
1.05151933824356,0.948580011746838,0.987359060814988
0.974859381082923,1.0321108110464,0.996190541009368
0.950669513651923,1.05904336701459,0.986349288248966
1.05661574612943,0.962244770248653,1.01267778506967
1.007691283805,0.993423846892519,0.982703767442782
0.945505055207748,1.0572804858017,0.980374690184223
0.984222688636964,1.02589971166439,1.00896850877011
0.985300447701832,1.02741084856939,0.990858657913776
1.01060528064521,0.960879233713727,0.999385406765212
1.01325865274911,0.974059597906538,1.00493578599937
1.00601224768832,0.980440232432053,0.989720329658447
0.993347014046246,1.00166973742186,0.995290289834399
1.12024915405939,0.890107343964138,0.98654530854837
1.0537042570559,0.963990923331123,0.99613825791771
0.965706356880007,1.03388147254349,1.02487015137328
0.96765613972149,1.0343698696764,1.004344394831
1.0347813257438,0.95979950038116,0.998313943220249
1.03582939186373,0.961672938548294,0.993942907467994
1.02527010044646,0.972682180101546,0.997182978270074
0.936691442233472,1.03574500110958,1.00665665366748
0.963613264283031,1.02318552387642,1.01096593995297
0.951694485795248,1.04500234724974,1.01281902665845
1.03987002186122,0.964831186570655,0.999417886214118
0.999800306023713,1.01678996709152,0.997893790473879
0.926517827465862,1.07235930776642,1.00222823297589
1.02308954635265,0.992178419655694,0.998673727647189
0.898559886103463,1.08535245071583,0.994023135116777
1.01335646458812,0.972353027344974,1.00092890366221
0.940932691180809,1.05798212094931,0.989245576996568
1.10314399186926,0.889634598028066,0.99834609966493
0.969228790191529,1.02824813722726,0.992508371707957
0.915030592954807,1.09538780277297,0.994063318183058
0.993522793411288,1.00918837285929,0.999050314911587
0.969503209936578,1.02981230062202,0.987388759945519
1.01289022337041,1.01004315192971,1.00407180041143
1.04564242501908,0.944630467863472,1.01608314168913
1.07780440831832,0.922550515274551,1.01133203380386
1.12721826793937,0.890599998229306,0.979568985784525
1.03883480357519,0.932249788977948,1.0014909482191
0.971787531221806,1.03426920772536,1.00097310093959
0.973376688823517,1.02647508431216,1.00209042498773
0.943857072234732,1.06133002851717,1.00343586459322
0.920334206122057,1.05104793221831,0.989386499886697
0.977503393976683,1.04593313375565,0.990807453400147
0.975326101859678,1.01531505750405,1.00510973357709
1.04505631909417,0.955833000037243,1.00081458680785
0.887394964705762,1.10727788666804,0.994671848363492
1.0828531440694,0.93004255158988,0.998139876165309
1.12794359846436,0.896401279545539,1.00713731019743
1.03420690761726,0.962005384763132,1.00400216341795
1.0608547007631,0.944210943988467,0.995793187651465
0.950565247396593,1.04372635368509,0.987615398975547
1.00818738360992,0.992661024928595,1.01290407813409
1.03660677410246,0.927030476746276,1.01755919515406
1.0160323421724,0.977281016349119,0.993023284507766
0.959945400797384,1.02459502542538,0.996389921685194
0.968011636341434,1.0295350938944,0.994217133134405
1.08677427227373,0.901617900560641,1.01506063210588
1.03227425260405,0.96872067412061,0.999768572782795
0.993353279154773,1.00232999170036,0.99284035219747
0.994419393411496,0.995312660655438,1.00357711683104
1.01732659003726,0.982515686679683,0.992320509737083
1.03724929287486,0.952322249407027,1.00924471319932
1.01048105167796,0.975814286281741,0.999800145458101
0.979752946224313,1.03320912479045,1.01366287103594
0.991086928771913,1.00174453129748,1.00800075308303
0.875767718285889,1.11406140357709,1.00485856629161
1.00018520314111,0.996685427813632,1.00258609369459
1.0363660512158,0.975997059487437,0.992775682546063
0.934435933572604,1.06723285501909,1.00192874009346
0.955978122466716,1.04032024492862,1.00573755705295
0.983353745245158,1.03192808095351,0.994547184858128
1.10716824399682,0.883009976733735,1.00081413000684
1.07236111926922,0.951523721897266,0.981506490705337
1.00491561349976,0.974741339911254,0.988214114529543
0.988119241133976,1.01997125408345,1.01073376474315
1.02111597649458,0.988061505830685,1.00151665982179
1.0306016134415,1.00776028903248,1.01458247488207
1.04143519854475,0.935160236541052,1.00782961313013
0.992641138134879,1.0024014342149,0.991297330337973
0.988048994881433,1.00875173682179,0.990257889569807
1.01319408030175,1.00113200296537,0.992915212095161
1.05873521636936,0.928084481809622,0.988460296192702
0.98510036417828,1.00707459352341,1.00123677286213
1.03196680698007,0.980140873170415,1.00062526706144
1.04293511708894,0.965392580467,0.993761038136993
1.04427650530664,0.957284728512828,1.01840159283102
0.970337742421053,1.05178382953902,0.989210941405772
1.00308443245017,0.98770249872507,1.00770692522238
1.0271991265772,0.962267184821452,1.00835142667484
1.04572856275616,0.949974649877069,1.01806088586025
0.966239088796088,1.03319001413477,0.982613286466304
0.93723144339934,1.08161918587002,1.01770791984723
0.988289601242154,1.02962523653125,0.980253312113909
1.10938355560392,0.910318078351743,0.995033190029626
1.04437511376122,0.942150355624165,1.00277033018433
0.992650166536048,1.0047356810621,1.01725658920257
1.06322284460162,0.921455610649139,1.00227202832284
1.01541879485283,1.00647067883094,1.00502111445968
1.0114719636703,0.97768951593125,0.967479326308196
0.969501048298009,1.04321593202917,0.985776210984187
0.973302630884715,1.02425977129637,0.98436299734979
1.07222109029205,0.92457134432536,0.995756003637742
1.00166026934952,1.01468860629187,1.00824181876108
1.08663149800664,0.907844949780313,1.01670686152202
1.05893237686344,0.956106039880458,1.00743276009383
1.08396465397471,0.930170486211372,0.981360960723896
1.01392896034981,0.97782797323491,1.01285983106085
1.02597432787121,0.9905158396351,1.00848531766554
1.01655194367443,0.998037836292187,1.00214361346841
1.01381022329642,0.981087125549605,1.0022266125768
0.943539841014462,1.06362032092554,1.00771584627533
0.983527316113499,1.02263217367257,0.983915837364341
0.995706424660661,0.997518034262948,1.00829706272978
0.977523734951749,1.00304426299783,0.998896857895939
1.03965477714084,0.952912509567348,1.00041274414287
1.0144313602159,0.995879291194479,1.00333289208688
1.07337631575822,0.951099258092999,1.00688268381595
1.0935900256789,0.924713766799783,0.992457086373913
1.01505610016611,0.975275450277469,0.996330346813362
1.02094276108374,1.00127853530849,1.0144746176556
0.994665767770323,0.998942744098194,1.00852493920244
0.985821440818005,1.02340387228415,1.00462722781782
0.987090277981128,1.00303881852867,0.996069868489169
1.03344985433529,0.949930412336911,1.00921174799269
0.95210788434901,1.04098718108467,1.00273522356253
1.05507375573633,0.96703553513331,0.992624878000702
1.005409487955,1.00831088646249,1.00342910927288
1.01988187002597,0.988381258114537,0.993963729768635
1.05397218308837,0.947177306179999,0.987572744403901
0.92950241898341,1.06247894860134,0.993527519999056
0.926560776010126,1.10589220667826,0.996170438995351
0.971509007045935,1.03554083812659,0.989562796500176
0.897407796514356,1.09252890385602,0.988193663501646
1.1052350518934,0.891079677948358,0.999652169863897
1.05084107560844,0.942381398201029,0.988904905738959
1.01219635588717,0.997752001122239,0.998213597643924
0.992652796611041,1.02975657224036,0.99228355639261
0.991291250276897,1.00230348391136,0.989857459250987
1.04406439575464,0.95774885376107,0.993804501393068
1.01362005105204,0.977453773104606,0.989200635864986
1.04599192785993,0.953890152066617,0.993612210320497
1.05557721568236,0.940512743967921,1.00775057923529
1.09126182512201,0.906983347045106,0.991560770663019
0.943014673831954,1.06887018046783,1.0182618342908
0.908869976737291,1.09394892143519,0.991486291133872
0.983831379254311,1.03257453166818,1.00138399072019
0.986954937998373,1.0012997224538,1.01814369624474
0.927944914054855,1.06046924912581,0.987752666180086
0.949390785130033,1.04921418152768,1.00738756109379
1.03447575609937,0.963463428641274,0.98866626672222
0.895506710512018,1.10577900506253,1.01155266436613
1.02163292497646,0.984458969978482,0.990887630633859
0.999267263819749,1.01069638024214,0.998129253001485
0.960443874862322,1.02585216884192,1.0002792372999
0.989880410087593,1.01600252250536,1.01194229321227
0.964246304827124,1.03449631087585,0.983646187812265
0.95999462372304,1.03693199055998,0.989762662602146
1.02451200810805,0.963435134934894,1.00191375875968
1.12593723811719,0.860662031419381,1.00022102657477
0.997706412374431,0.973325422312339,1.00283597311435
0.950609544128943,1.05089118382025,0.990245215793705
0.972880954614012,1.02231271086799,1.00960069663926
0.935833730203736,1.04996017239676,0.996210780875045
0.869210636139152,1.11300311432681,1.00303984037581
0.950372388921439,1.06427817130943,0.99287976225636
0.971214997736377,1.0216028926556,1.01079942043834
0.876374934234055,1.10666544910615,0.994589096689855
0.910956437501951,1.09672121984261,1.01350485548891
0.944597237578741,1.04233419589081,1.00860046000462
1.09208439434926,0.910072181976143,1.00115775364553
0.973003962617074,1.04863224843345,1.00337232718265
1.04466320656059,0.950499595962477,1.00044803281612
0.990932777437032,1.01589343241549,1.0126348971346
0.927132843988383,1.06609791338365,1.00386092768922
0.929670658401451,1.09009648632835,0.985168464817636
1.00037729702566,1.02914665883658,1.0172793009953
1.12172189789704,0.883305918345129,1.00282052723473
0.98558317353839,1.02550915020494,1.00206937720585
1.00839736438207,0.9729138947459,0.981710608014111
1.06841770457827,0.907177900609473,1.00709274644897
1.02265222160409,0.963795449103781,1.00029203030323
0.918445745836664,1.05408798650962,1.00136614726808
1.04292331527382,0.98549926372503,0.999227323624226
1.012723910241,0.988904676324898,1.01012264164224
1.05771525128929,0.940790048583874,0.996908878683501
1.00190265683064,1.00034773876837,0.998652906770695
1.06882452524896,0.95371260956053,1.00443005381819
1.01587372383323,1.00189422336084,0.987694051397953
0.907587781443257,1.09671598020077,1.00561026192311
1.07687180753092,0.904198130500606,1.00850210836469
0.981537422140848,1.00827054748696,1.00122510144689
0.894572452564237,1.09550490239747,1.01103354956887
0.993201347656746,1.01452372118917,1.00003691119786
0.988034765388257,1.00198688297532,1.01657976027115
1.01263216881249,0.999583060589378,0.989332694261759
0.951057893248083,1.04535106062914,0.990871119694572
1.00408716756366,0.990041051250675,0.992722780633813
1.06949288771457,0.938885307472781,1.00102623498164
1.01272659831779,1.00590780147567,0.999909052462209
1.06106468977245,0.96367596938745,0.992735313225501
0.979172098877487,1.02719626736705,1.0153179388363
0.987775731720818,1.00857306259628,1.00347492681538
1.02497911411824,0.954048693041748,1.00970718630802
1.00107171133024,0.999207630141725,1.00187897642747
1.01690295444898,0.979715445127853,1.00226124120498
0.929525786919728,1.07380171425201,1.00262395971199
0.964975363554733,1.0277331514977,1.01944747508751
1.03124722264102,0.981813771852665,0.985504466351186
1.00534523365973,0.969824658933515,1.00868487594046
0.957112028510981,1.03567616376121,1.0111524306011
1.0235679453583,0.967117955091005,0.992540376371833
1.09373719052894,0.884358033829769,0.982589710712329
0.953264813104676,1.04112442727927,0.990390593954555
1.05476435846283,0.956321852474996,1.00774993028673
1.05134416668795,0.960921978553651,1.01231390118748
0.953568637445492,1.01097645658051,0.997221440687064
0.996718340543093,1.01891091056694,0.990883173395011
1.06447359176068,0.925804603867934,1.00478876966678
1.01562325108666,0.991603643562952,1.00076255517027
0.997852717883259,0.998876393317228,1.00015710899922
1.03637156918568,0.975428720923046,0.999881859477627
0.983808434167903,0.984655437083153,0.999894459695215
1.00838264733864,0.997645269387721,0.998968689962239
0.948693257875186,1.0487159896449,1.01120661171599
0.93839976294246,1.07232542261298,1.00249517044147
0.991439439260861,1.01133302296436,1.02179721737417
1.00990213213613,0.995620645192778,0.993109826613708
1.01249764974919,0.97734809146924,0.996793519925134
0.931524699478949,1.0712426395859,1.00061032518318
1.03654083930418,0.967287046864941,1.0046180057503
1.00411608969418,0.973975574858388,0.989151975643585
0.92708792683423,1.0733461989819,0.993945137492526
0.937117547675301,1.07306476333747,1.00667475666643
0.984146953134034,1.01871248905124,0.98555423995402
0.935730337213789,1.07058002096946,0.992010845881407
0.987038113392438,1.0237104475446,1.01143857376946
0.976535735436463,1.00629129612453,1.00949617749122
0.986328661293486,1.0040276181069,1.00343766901756
0.931915608027495,1.06099798848228,0.989348461045265
1.08175372971298,0.926637071639679,0.999998552920628
1.07067599490641,0.936952316901181,1.0165699090492
1.03480288798823,0.955242225319179,1.00019243871005
0.97839339919539,1.02042967669022,0.99601966048884
0.875236994551157,1.11764843349529,0.98981127736374
0.947877669121694,1.04123228822714,1.01063368397403
1.01951295532238,0.995075924474349,0.99721304228237
1.0243698202328,0.986703088463375,0.996143736881292
1.015193383688,0.977658210873804,0.996890516208032
1.06491622793562,0.959637340700525,0.993643514958078
0.998369670768764,1.02101307058656,1.00256745621819
0.990605891730415,1.01117786888923,1.00116424300377
0.981060745489061,1.01255032288797,1.00707604499865
1.10688676893323,0.898116576907882,1.0013077528123
1.01443504194874,1.00772527617804,1.0079432286468
0.9752536427966,1.01171682535413,1.00629261555082
0.960894020402503,1.04817453465693,1.01651269939366
1.05453422390518,0.958761109684521,0.993853487555667
0.975146183579944,1.01426822902925,1.01382977213004
1.00484779733304,1.0001878551515,1.00473017052726
0.963745423476864,1.06051503362402,0.98812632141738
0.971765494879033,1.00745759099856,0.990946422524314
1.0411730700651,0.964719665023628,0.99103503411395
1.07791497273053,0.93373618981604,0.997154914134752
0.909342138038469,1.08038649651352,1.01005014185415
1.0319640236072,0.969926084110849,0.978890376428642
0.973327336920061,1.02539502504897,0.993562774027793
1.07331150399529,0.948706410259119,1.00004507079081
1.17564773423257,0.816775424336459,0.999239297809756
1.04311226361937,0.95815883893966,0.975350192522753
1.00422531749303,0.984155558213854,0.982657114360212
0.934464051028095,1.06622382431457,1.00986107968731
0.854507108178074,1.14980419944721,1.00152995192501
1.04611863208156,0.958465162704206,1.01209731088675
1.02453099239438,0.966277530863345,0.991038445821162
0.971727483158552,1.01939585815547,1.01062752527489
0.959107427382236,1.05177180717442,0.993661953968559
0.909925054340143,1.08953264083,0.995740580755555
1.03304931000959,0.960165120474929,1.00905101434744
1.02173049031818,0.989939666733068,1.01137627937917
0.958513190276685,1.02179007423573,0.989436882325232
1.01533458467611,0.983976307481948,1.0209611020865
1.07751496117122,0.907581292915205,0.981146250877523
1.10201321464108,0.890087736125586,1.01212348023505
0.962866911125286,1.02475423564451,1.00008262064073
1.06082604025137,0.935959690915011,1.01023533575435
0.994611321909432,1.00383491418508,1.00923360554636
1.05905721235684,0.947822716889011,0.979021521933234
0.974756584485155,1.04172152941817,0.991795368883341
1.00803459733241,0.952187638958447,0.995753992516143
0.974210401450934,1.01206483307524,1.00250185367291
1.01713302548435,0.991025704874686,0.995652176020229
1.00861895230328,0.981103080345188,0.986479175271684
1.09992391329984,0.906444268049233,1.00526351475229
1.03780445451447,0.953956268385518,1.00610110521071
0.964899512203129,1.02958834261532,1.00501208537479
0.986286291171949,1.02536027782698,1.0055871168009
1.11029217182328,0.914761888803548,1.00375009140602
1.04786606653943,0.934128892118391,1.01490493178864
0.988533219949053,1.0190418774164,1.00828885951622
0.998740838828027,0.999033418951031,1.00082690218891
0.962773242685702,1.04768085922919,1.00611667807497
1.04737775548901,0.93446584588157,0.971030455177141
0.950704159044185,1.05377167027685,0.988522202457809
0.843749911142472,1.17935885933113,0.98156491318605
1.00818144499411,0.997654644537257,0.98574942566453
1.01606661965421,0.996030767675798,1.00123936434282
1.06474164349146,0.933366695505549,0.990572089639311
0.884322166609087,1.1275488416088,1.01182756923268
1.03094908574837,0.951664217579717,0.985531576355337
1.01861464516835,0.971870500665432,0.979290741035665
0.920754371597713,1.08626208163846,1.00000613397525
0.99580196533988,0.988176432142484,0.994508677735992
1.04541576180851,0.954039296980401,1.01859751644485
0.872621803471381,1.1127230775906,1.00438383648479
1.04736442788441,0.939504734431878,0.989034635923995
1.01641854868118,0.970504321943026,0.989336701255681
0.982049323373816,1.00115514011307,1.00604924341113
1.05020385614037,0.972238689134364,0.9978299092939
0.988685352594594,1.0034674401631,1.00695885877271
1.00994166075129,0.969023527118978,0.982202886375844
0.985315704502886,1.03037913275588,0.993589762222909
1.03304964288621,0.975021516299193,1.00972639789575
0.994089027348494,1.01636420618949,1.00586267665843
1.05221101604082,0.952176103180874,1.01794953735788
1.0051289010242,1.00254272097747,0.974476197042129
1.00985615348379,0.969074065772502,0.995418181555038
1.01046030926904,0.954701238071156,1.01560407690617
0.954027214064422,1.065614197859,0.996015384771553
1.00431907670353,0.958567542012595,1.00290900841076
1.00500387300289,0.98182737059387,1.00164130887025
0.880270709875656,1.12736179052109,0.994877918424739
0.985846731507273,1.01198564205729,0.975065920534011
0.962685944548342,1.03676432614183,1.00132178191729
0.968349367058548,1.04750304301897,0.979155070447856
0.981076594290335,1.00286730429359,0.996964621765231
1.04709025016031,0.981491557460818,1.01015225012148
0.973460320752855,0.9980457710237,1.01334480433308
1.09529568687388,0.892248994999013,1.00320536212624
1.00171833377497,0.986908939242588,0.996533233416232
0.945309671368506,1.051853671272,0.992813058755011
0.949025796215714,1.04122339504846,1.01193018481539
0.960217874356764,1.02316801027498,0.997089238928678
0.996635456072929,0.991945362894002,0.993190918759649
1.00319610012247,0.979963590736065,1.00419095791698
1.11082458191908,0.897489809915363,1.00577326569435
0.970868675515323,1.02495954117023,1.0089517128292
0.952456917785079,1.04101331450816,1.00411192518171
0.977563006837676,1.0380803080607,1.00196641859478
0.931215723335118,1.06912249894924,1.01031285152324
0.948709932434789,1.04885874173651,1.00616655295323
0.977801319345368,1.03149555288813,1.00144529748456
1.04733931345842,0.965633544831797,0.994340494243506
1.071570560855,0.914767854801707,1.00572663332799
0.895731390370032,1.10575679812394,1.00019186153585
1.07629139238063,0.959545411386617,1.02086859560222
1.0099329215352,1.00744804124652,1.00072095516247
0.986083638391488,1.00176916871619,1.0084322151648
1.02139969529002,0.960549462633081,0.986352966238201
0.916959896765397,1.07055010742368,0.99260928661216
1.0575193624488,0.942054766296735,0.993937572381666
0.966441653971613,1.03352692787485,0.99321922856023
0.916498408445622,1.07669469161297,1.01329598406042
0.987663858574368,1.02923827605929,1.00385990281425
0.959217468870295,1.05052418557758,0.989916090062917
0.947811701301141,1.04072074676475,1.01086006151644
1.00866500695691,1.00487158361188,0.992054527752188
1.01335503952785,1.03015180103826,0.992349757099863
0.985548772695122,1.02226590855092,1.01078661160489
1.02922002717189,0.942614088293777,1.0031550078796
0.9510451642867,1.0541719986151,0.988936248041666
0.99565876106349,1.00514474339195,0.977072503817191
0.9245304334671,1.06390364566786,1.01874830790001
0.972505109317044,1.01977228323233,1.00318001133856
1.08063203520134,0.941582926355702,1.00137234821268
1.0847587854543,0.928654486367436,0.990204233216688
1.0945554229337,0.931664602929309,1.0042126325676
1.04701201257729,0.968565644912009,1.01162661745335
0.986574340267518,1.00271077383406,0.990024185667657
0.9504307960462,1.03056640941777,1.0097040831489
1.00220470000825,0.989043882532157,0.992968551958935
1.09111490227986,0.916948077685937,0.998961373037655
1.11294264670639,0.882729652296716,0.996356702674694
1.01507062877772,0.978699294966575,0.99973756266891
0.998275009275814,0.999360811255142,0.984513467331367
1.11387577691057,0.904915678495697,1.01638112122929
1.11755061263207,0.909991676479659,1.01269054786213
1.03620926237863,0.95239859945737,1.01137076935847
0.963902746884336,1.053979272775,1.00221866890814
1.07172527101322,0.939487608474739,0.986589467811261
1.00603754455538,0.981274747598939,1.00044490997739
0.9782804759378,1.02247351017469,1.02161983920606
0.951215292526118,1.04482716578712,1.00795007974256
1.06549193188294,0.931938547467653,0.998657891584167
1.0197042607474,0.994535036335775,1.00223118425498
1.05111763906098,0.914880243847635,1.01151558397701
0.969428754908171,1.02736919942359,1.01676496400958
0.986838883727927,1.03911661477114,1.00157370067288
0.971954965232074,1.02803122322013,0.996645139390368
1.10108600748635,0.88098993371048,0.998311497858221
0.93718049200793,1.04290322425002,1.00317748158575
0.951409435251256,1.03026437761221,0.997542899174252
1.00002107923996,0.993580675622852,1.00301815240555
0.990513327537712,1.02077120421138,0.989652329734981
0.959740112102699,1.053595283364,0.996781790205025
1.04384768405829,0.970407844793004,0.99608653255383
1.0109517940139,0.976198138003038,1.00100821756934
0.983268413398447,0.996754713331319,0.992141921141848
1.0067831217027,1.00651343824869,0.993670714719018
0.970106698151201,1.03196108831298,1.01363124537915
0.936686759462637,1.06385919145286,0.995561732265211
1.06620603902596,0.937256957692982,0.994959066178695
0.97036445748266,1.03276385235577,1.01574413735318
0.959492181063374,1.05434552098892,1.02258087872162
1.01182737154828,1.00744540393321,0.99074267785863
1.03135603190707,0.970992583536661,0.997182569011882
1.07096331964511,0.906598974702089,1.00156035493632
1.04693115358099,0.945298956315445,1.01939703081453
1.00566733831146,0.997890813291891,1.01250978322223
1.02478572928569,0.958446987293347,1.0047120457092
1.01909082454115,0.985891337595364,0.997318088192782
0.963510394790752,1.04542045333832,0.988116041025833
1.00677817869404,0.99747649793866,0.972408970626002
0.930600846337466,1.07382811578106,1.00029332490321
0.969608623364119,1.02844324064884,0.98370892145941
0.975421282813394,1.02490538042638,0.993232978712624
0.984739505904099,1.02190315822133,1.01076841839705
1.00532835678301,1.01954143896691,1.01383647177195
0.985983323771523,1.01392123414148,0.976922547705215
1.07330823362716,0.899129879231338,0.991025777893967
0.991195935686964,1.03989119993435,0.991252183777799
0.987108983919283,1.0047891919241,0.992647818136544
0.938988450334446,1.06032965630679,1.00079497531298
0.987489184498518,1.00997865461122,1.00327872644617
1.040892236799,0.965165519396765,1.01407771225313
1.03909060100095,0.971584450246629,1.00470041394302
1.00611005568346,0.981976107221527,1.0024204429491
1.06017949453864,0.911812020515286,1.01027155870839
1.19366188858919,0.820903682732635,1.0068416204636
1.0137138882519,0.9850515406337,0.986576562714998
1.01505470364117,1.0142785535299,1.00257590607129
0.953699673818873,1.04778041661809,1.02184942396295
1.04481380458743,0.953101458359893,1.0178363988601
0.9016341931264,1.11167158597239,1.00468037750662
1.00912916690176,0.985889625971836,1.00532515834432
1.01347615239505,0.98688591591049,1.01236846569977
0.924887889438689,1.07927697902168,1.00789343219933
0.998821674570444,1.02560044338439,1.00012790321321
1.04472964939742,0.958785574795647,0.992222760853472
0.977794114493788,1.03084062022134,1.00778269208588
1.10947510250081,0.904427791533196,1.01342640476384
0.938500605114824,1.05348002096471,0.994695643321639
1.16673801279661,0.873234803933449,1.00723937898108
0.980803941435182,1.01490731181245,0.995558439559344
0.876493207403061,1.10360542357918,0.980115312145477
0.894685725993401,1.08135365646694,1.00886562990344
0.841328168915356,1.17209668173184,1.00152172708057
0.917604724160632,1.08035643089537,0.994183754272193
0.952302717720366,1.03887065408913,0.99924283878638
0.981796779704271,1.00400343215565,0.986379100848483
1.1126034379067,0.873784945173774,0.99602948865196
0.935492433219258,1.09045754578561,0.976866140370941
0.976766061862693,1.02369352321102,0.9959823880306
0.995865207295879,1.00335667780572,0.998767525561613
0.966835107350015,1.05774906237016,1.00453040255832
1.00058741065693,1.00055594624491,0.990759942907082
0.88501912052109,1.11719043191478,0.980530202241884
1.01168737428234,0.987264122770084,1.01618155328945
1.00031221742313,0.997808729218158,1.01150609061701
1.05956255879229,0.924430608531457,1.00801544515745
0.879110514310175,1.13369197445272,0.996250685384605
1.01574981837166,0.980251278759121,0.99013851902257
1.04546349651513,0.955164673535928,1.00555504936538
1.03469236237969,0.963339051201596,0.99856153014748
0.967361805995458,1.05332102826938,0.979279751339297
0.97736141131922,1.0131743092667,1.0158151819358
0.984746626927579,1.01443093222715,1.00428622711603
1.0277730839795,0.974837102054642,0.984147767569648
0.950003138004752,1.03484241449324,1.00589262584275
1.02162784914667,0.946742095803178,0.994017830061175
1.05280549035022,0.954499109768657,0.998905397868284
1.03954898878546,0.947986810910122,0.988035785995193
0.90732796801984,1.10714951761665,1.0012070655268
1.01802400616245,0.991977625944773,1.00390083049255
1.02767910237739,0.960524459774587,0.98554103157486
1.00519143932174,0.998310968338975,0.979684288505568
0.957405445574626,1.02706188478576,0.997587047952529
1.04682717758384,0.954248584239713,0.986260929727994
1.00399747578607,0.963573740721753,0.99415213762877
0.984907033721684,1.00847592485557,0.989736186165505
0.946768074481096,1.0473037863609,0.997137495035181
0.989622175627544,0.998060568286982,1.00775871396349
1.03280807766157,0.958848291905514,0.996224043543764
1.12609808705826,0.865768438917068,0.992600567085929
0.866365722593012,1.12831071307634,0.998036941020163
1.03427244907079,0.96288429996064,0.999646462727666
1.01600606564961,0.99452262436021,0.998887115923931
1.06135043452496,0.953506873661843,0.991933606076041
0.984249230051188,0.991441840743026,1.00557141683613
1.04827714410722,0.957176820548836,0.984532424529246
0.98873865724811,1.02527178452212,0.996126664905442
0.950457716561234,1.03839991585292,0.988022173452874
1.05799198492987,0.946941049291487,1.01076579680592
1.03213075657004,0.982991090331149,1.00880609989418
1.04491864311571,0.966449392059647,1.00736629094516
1.01429377423301,0.99222862269781,1.0020740827969
0.8921947695826,1.11280314676133,1.00085982380652
1.01456506101729,0.979217071333524,0.999401007517168
1.02809044200943,0.959677524601563,0.998096686461324
1.00317776736185,0.972321940632534,0.97921355866515
0.927989885945048,1.06929221947358,1.01794229542272
1.02059572889035,0.976848704665058,0.981927426202289
0.915836666960104,1.080869602491,1.00716646275163
0.950011698492012,1.04171284241676,0.980602945308561
0.91613921142814,1.09447806897956,0.984221098845053
1.03272093839374,0.963208849725044,0.998594917840899
0.99727120698932,1.00266892767009,0.999173300523483
0.948745718425934,1.04862379590639,0.994742630436185
1.00610061044602,1.00766985284157,0.999905001167075
1.00132422641593,1.0034082919795,1.00054941671763
1.0755932353718,0.921406665985204,0.985817510076456
1.00994722824561,0.97891132809107,0.989762486001221
1.00268215872283,1.0014649231082,1.0189852861021
0.960240000031669,1.02937148565995,0.999096694337398
1.03173231742894,0.956494076599952,0.997478953580276
1.04956309552434,0.93125690476296,1.00177597585054
1.02219312173085,0.963255586179821,0.9931072519669
0.993070277240622,1.01436319742972,1.01935029900867
1.01728849201738,1.00164971152793,0.966694547260014
1.01388321566813,0.986280832092803,1.01765565859754
1.05378527966119,0.932531602023941,1.00832135545848
1.02581261244184,0.984584501337663,0.994627253338871
0.974262430514078,1.02799245683782,0.99888410194475
0.978943213091905,1.04137475159919,0.994917728634682
1.00160110259833,1.00203542665942,1.00630973230622
0.985367682303352,1.00731122441173,0.981095775838574
0.926588631923151,1.07309397943163,0.995161095631081
1.01584731188452,0.987217649006715,1.00265041630552
1.02993555818238,0.962671675314933,1.00911943643842
1.05413398237808,0.953807552890377,0.984868373622345
0.969404021131723,1.01925341314744,1.02610525967639
0.968805569581923,1.02652320696365,1.0024072877081
1.06947077816578,0.949783459834227,1.01312293329301
1.10702704131093,0.883782742914818,0.991538468239493
1.0437050237441,0.950055470158619,1.01067825938864
0.959405296119098,1.051488956219,0.999269657620416
1.00675238202954,0.996545978820335,1.01698345820968
0.982375111994127,1.01991559784842,1.01361094276874
0.906020884417927,1.07942708897378,1.00374730806442
1.0851717282105,0.906518817244611,1.00088114929624
1.01779098252802,0.973039988757274,1.00075192366345
1.03000796591542,0.94452467875395,1.00722172333479
0.971227834687849,1.0293824992496,0.995289105636439
1.08044888848711,0.903657023441958,1.00149296842336
0.992783723714872,1.0295071667475,0.998239349118979
1.10530929002923,0.890760815152496,1.01484882048256
0.902924697449688,1.08712091737419,1.00210195907981
0.891631585152938,1.09238721437322,1.00104103526614
1.03808302860637,0.968821269325098,1.0000305967706
0.955454658831043,1.0593361976986,0.996709890151396
0.948752300300363,1.051256283663,0.993549092414683
1.01107584730217,1.002263823476,0.998777486006997
0.992310318959217,0.986068893365528,1.00616973819126
0.98682864926986,1.0096431887314,0.998664569634052
0.926900769730566,1.08037986026403,0.99987678399706
1.06344557833488,0.931968320691839,1.00339472576743
0.965474110464618,1.02457773399617,0.998791625673719
0.971051827360548,1.03835099354059,0.998397374945888
1.00111686696347,0.985051978003686,1.01348264873186
0.975589630393198,1.00447462724686,1.00550411303357
1.08218154991129,0.89134929783561,1.02024470264899
1.01461176671586,0.978361575504753,1.01446260808339
1.05159593438833,0.959193921675073,1.01820217057024
1.04167714254869,0.969079014840803,0.994169805490754
1.04059073244625,0.961715147577726,1.01823822088944
1.03202617013263,0.948586227382547,0.997549845926463
0.88621044385642,1.10459412486684,0.992651730904486
0.979004825595545,1.00648600808978,0.998566330418496
1.08813214833939,0.912320898994197,1.01056589813323
0.9700935353946,1.01726272561944,0.990274259778638
0.98698213272109,1.01344527555178,1.00702995283259
0.958428230556516,1.03617140062141,1.01688288913168
1.07332401132872,0.915732716422162,1.01496709752509
1.045756121062,0.954877734134684,1.00006521035477
1.02614747575945,0.967993054466771,0.997413377571695
0.992067855726775,0.994509459396858,0.987073668034462
0.942711947372606,1.02199572241438,1.01647242030892
1.04544264266476,0.94441309816611,0.989636648318808
0.954925632275568,1.05854062292271,0.993337763361747
0.989267153507904,1.02839735081558,0.996525820614492
0.998296342030352,1.00915882022383,0.99843951640899
1.00517495383735,1.01095123699682,0.997182481177497
1.06004232976783,0.94847696278156,0.996219882092921
0.953360505383168,1.02752801631913,1.0034315610549
1.00584495376897,0.953985596353636,0.988840964460678
1.02302477727847,0.966862386774321,0.981599312467928
1.08697103675266,0.920303086462194,1.00104934224499
1.01025522184412,0.962086560153644,0.993857347040226
1.0885558364086,0.907549613478791,0.995147338047531
0.97810747731102,1.01760852298014,1.012051492814
1.00611807781428,0.988983828775139,1.00256624445216
1.11212549060863,0.92045135665623,0.996229765154687
0.971683423068622,1.03809756541447,0.995611245476899
0.95030032785782,1.03857895155198,1.01020462214574
1.09674584561863,0.920175605147608,0.999775187944456
0.937643300518514,1.04126436835263,1.00636493632255
0.988176546371877,1.01278377368912,0.995117118650407
1.03810468802857,0.98215533063086,1.00175046351705
0.989018390309002,1.00435114203312,0.980435948648842
1.03576140767902,0.974219502757659,1.00631904099875
1.01941886500175,0.981212798942241,0.996160908557431
0.975905841380357,1.04617909480129,0.994368681462132
1.04143924090395,0.973619976985897,1.00232203296716
1.00032796094687,1.00411633468112,0.99800956746471
1.04882996329707,0.967459943285805,1.01134846126437
1.06657340054535,0.915144630076842,1.00766243825523
1.0196492302847,0.992734323171226,1.00550553696168
0.924890467719646,1.06368409484281,1.00910819760687
0.887473500913252,1.08592622476614,0.994354502634319
1.06191293427145,0.935459163184784,1.00032938717923
1.10495283896186,0.91251617254153,0.996260545792141
0.996116383057442,1.00883872046071,1.00007436373626
0.995557190721067,0.999778128542482,1.0023036184229
1.129971040093,0.847904091259475,0.997701780947315
0.936154526597543,1.04908020268698,0.99834191298186
1.077029595121,0.939269944240371,0.993313983920812
0.928847698677637,1.04339760271814,1.03204635402127
1.01028907283183,1.00145107775726,1.00965118772813
1.09205064667379,0.922929861509097,0.999958288515307
0.970490386402,1.00542473937986,0.995963817959276
0.898245534997973,1.10956203347624,1.00967377813503
1.00944343256744,0.998037690329758,1.00512804308217
0.976004412213063,0.999683783430203,1.0035214614936
1.00491383106084,0.976355229405064,0.999335438000011
1.03118149040973,0.961801617809037,1.00649048024219
1.00980541969115,0.977914532288718,1.00864406917977
0.961199846991689,1.03062936046004,0.996402384021648
1.01624379565879,1.00384009891725,1.00107063312608
1.06234197326207,0.954736031204858,0.986382243189804
0.941720481991143,1.07651348379807,1.00404969583241
1.06035524774265,0.951892328819736,1.00319719883256
0.960549828139814,1.04781674040528,0.986616442717631
1.00908172621095,0.971480635392724,1.00258880261106
0.991314606615669,1.02622210454372,0.988592716961381
1.00764220430907,0.992562409814427,1.001649678512
0.999300213796131,1.02012979319908,0.986041552395624
1.00001437716653,1.00373615114631,1.0072278897247
0.828230237673391,1.15525310352165,0.993955787015847
1.01906264000342,1.00518624254666,0.999394533578077
1.0194919561419,0.964420067174414,1.00011875441739
1.00230163579793,0.990824235944613,0.981855096611628
1.05148702699436,0.945002314286893,0.993748550772285
1.00592401019205,0.96949545726198,0.999191451332262
1.0042268417139,1.02373032526632,1.00518221498797
0.991108691708213,0.991095458953772,0.986261084478167
1.04841171346651,0.938241021886651,0.989081265626112
0.971131446550012,1.01942171122259,1.00183860994175
1.07895203926027,0.926405729074278,0.998016299801588
0.960914067074201,1.01595300393891,1.01401241703363
0.97099791457189,1.00195816790226,1.0061417824761
0.946526715696084,1.0693241073458,1.0104409604431
0.995417728047721,1.0109490207964,1.02957748320137
0.951159869557756,1.03463250180042,1.00928903973662
1.032669055373,0.97127818440736,0.980815861844669
0.948258847865524,1.05731268846371,1.00435382752426
0.970809583450385,1.04053121922143,1.00470531025254
1.05809253587094,0.967528958243385,1.00270195517816
1.00386757523511,0.994432031182749,0.985235572806234
1.03807064198151,0.942220051309232,0.987201260909666
1.07885374409646,0.938851077592947,0.993115281455426
1.01393438740431,0.980971260359488,1.01787413206351
1.0142032369012,0.984710919896501,1.00281043977297
1.07744595286508,0.923583599084673,0.996422269476455
1.06152922909951,0.915574468260583,1.01503451910127
0.980059373386476,1.0202589138261,0.99482119946004
1.06910665996708,0.940028696196138,1.00622112985975
1.05814059488419,0.941012319089882,0.982189619133305
0.967880117615766,1.03878088177301,0.988527866016607
0.984353361255904,1.01162067636251,1.01455881732878
1.03548717485334,0.949209785163117,1.00773006554831
0.968517670137816,1.0410861141254,1.01082568885819
0.940034777258636,1.05220695644094,1.01101431068693
0.975019719493176,1.02503090925034,0.995082370406215
0.928527726826234,1.07712459762453,1.00452573330573
1.05134996702759,0.945397105373595,0.992037053897882
0.956502972229781,1.07433182306136,0.998751863659223
0.933596779554333,1.10529835172569,0.991156114829847
1.07083854333039,0.934483030789255,1.02182841208276
0.966048328146815,1.0354859832212,0.994278485422518
1.07884276071242,0.937468857341296,0.994247634004711
0.977929906349847,0.984684332281772,0.979094558416566
1.0476395722809,0.952468136563152,1.00744213101929
1.00122370638208,1.01530895198739,0.997394727946456
0.984992049791702,1.0160571419493,0.977715845931169
1.00549813422503,0.99434812248408,0.986755791671365
0.984656421576433,0.996299483953253,0.988982869034033
0.989625078566367,0.973777428086062,0.998989740298873
0.98804550369358,1.00712851476397,0.980616319724589
1.06715409151579,0.923045669874602,0.987767975200209
0.989212790982927,1.02199830050145,1.00278548512811
1.01268469974312,0.969049302435913,0.989025163512783
1.03646047352278,0.955617336244176,1.00321568782421
0.982494868364099,1.01936489393365,0.996837962084971
1.1081063153741,0.910004750515086,1.01256390969989
0.984048089462125,1.02144935877122,0.997979759636842
0.93743743886168,1.08048832944464,0.997062147291141
1.0129621385385,0.976637563227329,0.985602798645763
1.0081752980872,0.986610881529868,1.01372177722532
0.971767653524268,1.03180557009245,0.983020768603864
0.957191016164465,1.02524511947043,0.989878157839897
0.896435644792494,1.11672437921466,1.00140776559728
0.944714763006826,1.04449775918114,0.990880179154876
0.965013028145578,1.02867064777511,1.0119435649216
1.01413419414136,1.00085448781221,1.00829266545971
0.956030138886296,1.05135800503788,0.98874122176188
0.995858370784886,1.01302056194548,0.991356633477706
1.07648286262179,0.916595195694594,0.98486646474071
0.963794415947091,1.04986857289846,1.00218781940341
0.988688460172275,1.02639178210302,1.00623924716087
1.08424000874351,0.936827773009,0.98955400152029
0.97749937224165,1.02790472611619,1.01163045588266
1.00720824875645,0.979167228955064,1.00482736876935
0.896882903451647,1.0933446746354,1.00167198670824
1.03035226800846,0.977684273681245,1.0085626192306
0.987554818242843,1.03424980759888,1.00794603415268
1.00436007719493,0.982398644587719,0.977360875458123
1.01333127862681,1.00409607709182,1.01398392163366
1.10383230078279,0.897127826681434,1.00464108493327
1.02941506583155,0.967939654734852,1.00706246726175
1.04290445149796,0.946652354915726,0.976933621604734
0.978515937710692,1.02112238291229,1.00168772478788
1.00090321042858,0.987040881589867,0.997634819116025
0.929589236210084,1.06481367557513,0.99291471639341
1.02882282814809,0.957777012025203,1.00056774521558
0.986987854401666,1.0170297935133,1.01294668848406
0.96347185033367,1.04481234773113,0.985189586161323
1.01144427697951,0.976713592411162,1.00599861102249
1.02995472104631,0.972058141365918,1.00463918667526
0.912391812195355,1.06162386312551,1.00368269120926
1.08510759366938,0.910020585314857,0.984521302210432
1.02237377042854,0.973225935482592,0.999608551293651
0.96980998533473,1.041470514467,1.00966768246217
1.0227649456843,0.982936871843822,1.01110881461721
0.963957671458792,1.0235264935764,0.989450070989871
0.928534051982153,1.06381860037568,0.99427959506762
0.947617434593084,1.03008843549376,0.997128481841737
1.0271252825133,0.974072512482,1.00243013161453
1.03421097732473,0.971873932160512,0.997040954350188
1.02978877990328,0.994294587111129,1.0035447387279
1.02119813672361,1.00018903882706,1.00029224624541
0.993770770379293,0.987929439570731,0.994265423387601
1.0090735737457,1.00780890383459,0.997466673992493
1.02528449799821,0.971237662075005,0.990822121747375
0.907445599510984,1.0832235886133,0.993108638187062
1.04005787495946,0.978560466397409,0.988135056980962
1.0572132839346,0.902185251203324,0.989202351823289
1.00111590413282,1.01787009981235,1.01826756347647
0.967446393728228,1.02131592497258,0.987009532328747
0.979719058445894,1.03454887582494,1.00429638345753
0.959937440893429,1.05764466400905,1.0000242460655
0.998881017824678,0.998773117692541,1.00715650806275
1.033060366953,0.945385249370087,1.00254642596266
0.93242126841021,1.07869169833751,0.982750025331007
1.10650158656944,0.886612384612565,0.993525626308754
1.09345191866698,0.90771619047633,1.00557243541338
1.01592641240748,0.968175963363396,0.999559552317854
0.942581774007022,1.04067789992123,0.986505364026108
0.927121107852482,1.07710207808033,0.979779984030694
1.03384973507091,0.953909297303488,0.988845685248232
0.987168063923541,1.0080922041901,0.996980528890641
0.98536537120497,1.03196188476616,0.995147547679466
0.977948109781697,1.02409887950656,1.00442107701764
0.91562356741338,1.06993418026749,1.00724399088425
0.94743258480949,1.04716180636334,1.00402763913321
1.0825895660573,0.933617678748944,1.00689593723501
0.982466065519241,1.04865681623606,1.00218386745066
0.97252731164477,1.00781345516757,0.996558469759363
0.941734473816418,1.05013821244014,1.02087373726627
0.973340912346627,1.02350720100418,1.00597763874847
0.980151319167825,0.991483405434671,0.998433726715751
1.01227250865723,0.966081773948614,0.997840266749573
1.06544893949021,0.939986627697085,0.988669095761577
0.956185850229566,1.02973191686322,1.01044926532109
1.06038581425056,0.963730087689423,0.992571907792305
0.989317616653902,1.01092071408527,1.00015747039847
1.01540471153592,0.968346314812373,0.996598687497943
1.02014652021794,0.979648850683281,0.989696721211636
0.981876175817102,1.01639223434092,1.01163237768644
1.10849020041125,0.89873826098703,0.991987334909279
1.01719196840665,0.960580141780516,1.01713252494197
0.987942168734155,1.0177399294852,1.01334023601594
1.01112170332373,0.987205051104041,0.985494633327277
1.0173968376114,0.975038471289577,0.99109761133299
1.09591857886905,0.894828472543282,0.994510821609779
1.00264821082601,1.01285716216739,0.98778626128331
1.06405364712144,0.950543574392113,1.00580504726281
1.00555574772672,0.980540505478072,0.986176513722727
1.0329696863043,0.975865191486176,1.01253228606023
0.94187121800072,1.06613997102337,1.00457724034379
1.0045841401735,1.00238856855782,0.984938359882862
1.0756288539504,0.902366564755507,0.989845965117805
1.06763896125663,0.906023443129724,1.00244990643085
0.907601238675167,1.08219676643392,0.996791373772836
1.00645439356304,0.996168117625039,1.00602620558303
0.863801877353708,1.15675805256999,1.00258766680375
1.00311946207759,0.992651566307187,0.989897805783209
1.07098987519749,0.927988650322616,1.0112538245852
1.04541695826722,0.932632272398254,1.02305851772518
1.00416316756637,1.00393739195981,0.984868289355754
1.02066725643487,0.995227529515967,0.997444310545162
1.08776637670666,0.893723911432718,0.99922470470858
0.919421959675105,1.09051312661787,0.988068322954247
1.02921678628168,0.964552062976979,0.992897975610709
0.924650194306336,1.0826638948774,1.00777363171323
0.997088700503375,0.982542093910781,0.999216663132551
1.01481035738664,0.965500273711177,0.995520372633224
0.911985671210087,1.07981705853205,0.994663936362908
1.02075811753598,0.98368598571597,0.986210275482685
0.950332261872647,1.04192366765241,0.991981858310448
0.940290061066421,1.04644685288921,0.997788543130661
0.991057251745499,1.00165337309179,0.983298282829637
1.04647413476035,0.945640385418713,0.991490816496046
0.96982758725355,1.04216899412057,0.988693902729967
0.980816494345822,1.02407988940686,1.00953419624995
0.939255460003838,1.05755435795937,0.994671805682498
0.929541877507454,1.10415073864684,1.00500099351688
1.1091331745917,0.922458824975777,0.995632964203371
1.01429699205281,0.995477992211282,1.00647436183114
1.04169128719117,0.97272766603123,0.988901727283961
1.01552108810959,0.986103221395563,1.00008701677082
0.961978468005633,1.01599581540559,1.01266580687768
1.09123948929767,0.921711171102945,0.99462324915412
1.00889809211995,0.95662416797057,1.00466347293138
0.97800981650936,1.03669357160371,1.00551972457784
0.905260073665583,1.07588148581292,0.994717742563123
1.00481208272511,0.991977097620279,0.993690457904397
1.02437851307374,0.969484842866172,0.97984074264228
0.992299032461831,1.00139657398713,1.0042841674349
1.01000867833754,1.0044135363101,1.00253389175887
1.0972514551081,0.906571062978459,1.01237884247256
0.977645016036413,1.00324870229814,1.00502165098473
1.05332593201172,0.936343346001454,1.00437118579402
1.08187647528273,0.909524673296622,0.991089364285652
0.946563304629386,1.07446110580015,1.00118798275361
1.09882918809702,0.897183871482581,1.00010983617932
1.00473025846402,0.971399315901588,1.01708363547565
0.987831599879401,0.992307299495814,0.993370652708861
1.06025104862216,0.971577097739329,0.991842016439834
0.971234450135945,1.01203829985967,0.991969398896559
1.01767670768563,0.995072995051018,0.999342399503262
0.996416992351909,1.01614227716545,1.01456066683257
1.02792214426618,0.999477889228466,1.00860078701856
1.07852026592284,0.923283782742065,0.983262703120917
1.011822703803,0.967014089880339,0.992277088140788
0.945509517155475,1.03944450064195,1.01420851893375
0.977249869931402,1.01289727011331,1.01300673572967
1.01572309358549,0.991561170492985,1.0009791730039
0.954393661239226,1.04256410955849,1.01992557400921
1.04765273601969,0.964469403445777,1.00570778148123
0.950879022008215,1.08004113014861,0.994540755848809
0.939015617171685,1.04063299684658,1.00164138334957
1.0361273874481,0.95524518885153,1.00801848144493
1.03588828883128,0.958230388471467,0.988414027788912
0.984266543360985,1.03832030345024,1.01430982483363
1.04012632505789,0.96733739744765,1.00612705174546
1.03976233900009,0.956318021032822,1.00326010175819
0.93083292471432,1.09223425246023,1.012693072477
1.02789804421528,0.977227325072504,1.01124820287534
0.922556896534669,1.07851455223553,1.00667301370425
1.03556722850696,0.980019575349854,1.00626157052145
1.00055238759846,1.00519250650455,1.00759815006312
1.05643027391904,0.935028794224685,1.00973210961143
1.00439487524932,0.974506171812697,1.0027069510818
0.988009958189105,1.00122673760634,1.00196392931821
0.945368305534433,1.02338188143318,1.00548301693387
1.10219498056446,0.89794578133808,0.995837426220166
1.0567411480286,0.937477398711304,0.994300153527883
0.998311224003296,1.02285883305205,0.983579371740273
0.952475871912736,1.06366103698615,1.00333967812761
1.05113277599255,0.962283346966474,1.01131751803628
1.01204842487774,0.974754169760389,0.999170917542713
0.912696151784698,1.07342685515785,0.996479349613287
1.00764065030253,0.98281359439376,0.999616554969619
0.962252931567787,1.04925433571925,1.00228235289795
0.971443896386462,1.05162962355291,0.980905429482235
0.971696469737842,1.01940374595828,0.997024943160456
1.03704806038145,0.957205114572826,0.986020374297143
0.948425758418165,1.04089700945221,1.00389877924397
0.980717921177442,1.03048894274034,1.01743260843345
1.06971438485984,0.945039463627624,1.00613883639252
1.00505606335115,1.01389843424614,1.01641438641302
0.989262412752065,1.02457730798591,0.997255352119991
1.03702835183165,0.972363277619914,0.996145714237581
0.900484401739311,1.07358234477104,0.989483910599213
0.970389192956891,1.04126267424004,0.991478905802201
0.986650768687359,1.01720172355112,0.989186512365506
1.0647345324128,0.925344639386352,1.01526108860466
1.01322734130443,0.9757974920886,1.00438067408427
1.07185907201472,0.9394072035323,0.997794003354154
0.961232423019513,1.05153406112656,0.979844470301146
0.947643363606226,1.07603040140533,0.973406731471036
0.978228557661082,0.999421140424936,0.99806890652948
0.969387337334751,1.02872856126245,0.996916100184685
1.03129620630768,0.946165145670355,0.987194987461374
0.962715812525749,1.05841282866763,1.00112332284958
0.994460234682651,1.01405990871379,0.995907424261543
0.993272796824083,1.00497410425913,0.998572298963504
1.03085332214003,0.960587075589807,0.996056220363204
0.9796651634848,1.00348882672211,0.996142282915425
1.00120052709625,0.993279913688161,1.0062309216421
0.915482403478213,1.05706620124996,0.987706032549821
0.986835967863676,1.01190742457533,0.996698480544423
0.99201842864051,1.01014564910796,1.00727812136722
1.04260051715201,0.946870812263693,1.00340679586164
0.979998607734051,1.02469504675718,0.991083177976412
1.0922445311911,0.895667546701476,0.989400111857172
0.975308818236948,1.03708953350155,0.991025090935507
1.03870163620292,0.92270897475111,1.01392290775754
1.00759079807864,1.01700384562889,1.01291693862764
1.04934585688613,0.957488551371082,1.00091572161575
0.85241209420986,1.13706998452721,0.997890313141671
0.912355668280216,1.06973512627822,1.01213484375422
1.0687272982416,0.946590498474078,1.01498367254043
1.08874753624964,0.920054714427621,1.00508153995092
0.932763628157264,1.0607905103196,1.00826624241956
1.09304486333302,0.933904944335538,1.00980195734517
0.989653193225676,1.01317875563127,1.00210265874632
1.05297871849547,0.961663648033013,1.00281177416977
0.942218877422136,1.07286438226691,1.00627583299992
0.911172585019073,1.07378068853862,0.978089871117861
1.06300000614665,0.940289869030789,0.989060058276819
0.995997820143422,1.00065559405567,0.999119059956912
0.940200181225057,1.07434627626769,0.98095382733703
0.914709191859231,1.07340119810357,1.00269182915934
1.02319382270588,0.958548620741223,1.00758090729192
1.01263835204919,0.985997279801788,1.00400124447233
1.07054396784923,0.93378023865226,1.00775585757072
0.999474297272418,1.00391426092951,1.00272728827776
0.971352458127223,1.05013888188458,1.00462271931305
0.981984085841094,0.997468375241681,1.00273921287513
0.94340280938725,1.0433158765613,0.994981289422061
1.01943329907983,0.970393520230424,1.01184537846469
0.940367031480915,1.06541592212923,0.992622326489256
0.987588955779904,1.00896336340358,1.00538296439514
1.00233706347734,1.01175450881803,0.985916618126811
1.04331592457937,0.980202813917889,1.00161457097271
1.02145731948158,0.98909616504288,1.00770748199399
0.990840477686964,1.02258831249855,0.999725581964465
0.896316139907665,1.10521089557851,1.00445859973585
1.01369968101757,0.99263808894483,0.999884002687342
1.02166898888226,0.993000493002386,1.00128220429692
1.04512915074611,0.96545965554835,0.989912702859218
1.01394791892865,0.99760430155259,1.00478389157161
1.06429133371676,0.91517836443964,0.987728677984949
1.00757772865879,0.99430591238484,1.0279724532723
0.971078972986182,1.02213767961928,0.983029276085854
1.05717886156728,0.942643515700886,0.984456347066775
0.908558581343726,1.08028366836354,1.00573952518506
1.00259993194476,1.02747449324732,0.988809939149331
0.966899228721182,1.02578388006064,1.00340508623104
1.06265502955276,0.94725881814704,0.997340409258358
1.02926613862782,0.985992548242756,1.00367313137844
1.05800509393166,0.9586081246321,1.02107577245066
0.999522202863184,1.00378186585798,0.996765300104463
1.00720598672888,0.973701804603154,1.00953470725845
1.01463471306813,0.954905047395481,1.00894266566397
1.06398933565043,0.944645844343544,0.999713666262714
1.03542844092687,0.952713923700713,1.00547296286452
1.03245268744707,0.966072537026403,1.01005937249929
1.01236818813327,0.980004197986543,0.996997418762824
0.976102854576133,0.98779514330797,0.995710686390796
0.959066986876955,1.03994095694277,0.991804957423131
1.03479647905194,0.95981813734094,0.985700408815241
0.957603615053067,1.02936328817056,1.00708998841295
0.882112120703203,1.11497691538145,0.99890612286084
0.970472061161771,1.01868367153109,1.00977506907325
1.01871091689176,0.975556775387149,0.994191584174062
1.02709085306406,0.968066444187009,1.00135502539927
1.0254343396322,0.978254547930514,0.991109326484165
1.10052511965113,0.912038511419886,1.00418323089561
1.04230545267434,0.952693344920123,0.99792734051414
1.10052823735192,0.913577978964594,0.982616748129989
1.03510072530723,0.971622209940344,0.988347339014231
0.992606512296377,1.00831996568754,0.996368969517153
0.90244651082248,1.08075320464786,0.993301124629204
0.992830760643438,1.00200889814283,0.98414430267709
0.928062032532284,1.04039833802684,0.992634889104837
0.995142168699612,1.0078885217098,0.987995635197501
0.958707643378991,1.02267104391878,0.98712743508295
1.1071771658832,0.915470284730116,0.997422091550351
1.00292664559653,0.988408082868365,0.989248145947907
0.980178026420048,1.04750092793207,1.001415948004
1.05722718969172,0.958655071461146,0.994781802000039
0.995952062365055,0.999432387319484,0.985870820466609
0.970188686833693,1.04689735615584,0.990383229723891
1.04722661957457,0.952596128692195,1.0071412654295
0.96292684582772,1.03346444273221,1.016942330222
0.992015137085142,1.00202457240142,1.00695550638751
0.850678891800754,1.16253475756707,0.991973305631604
0.98795526878837,1.0072706855466,1.00638959397849
1.01758853865128,1.00869539607171,0.993148528142922
1.06012001094624,0.939038273447045,1.00447733612263
0.98409472828528,1.02984310417102,0.994638331530375
0.989410417159595,1.00529866513697,1.00756617964091
0.961234155214597,1.0405532419546,1.00105756625432
1.00329978436119,0.993095559900049,1.00560862937094
1.06154171259926,0.93944023780719,1.01019290128255
0.945299099701381,1.07032164168824,1.00173598953742
0.968290508689865,1.01763456797767,1.01927293377153
0.925350679785975,1.07897252756316,1.00497434572713
1.06341149826084,0.928648931856701,0.990557972920046
0.958869746530775,1.0569337696743,1.01452526135019
1.01367993395283,0.973909669352617,0.992841168396223
0.993207516843423,0.996756862937022,1.0136502974794
1.06218929188678,0.929540880103014,0.995656147577317
0.948939343429005,1.04368718950208,1.00697676572589
0.951223202887662,1.04724796038114,0.992532572467737
0.8786347657649,1.09127560142742,1.007036911449
0.938874209073692,1.06174236670691,1.00149039546909
1.01876493908427,1.0053234741577,1.00586821097415
1.00936312767901,1.02298970262278,0.994573670660124
1.0541508323992,0.949460872447516,1.01480183420727
1.01488931959091,0.981865385338111,0.993410813296231
0.966807784118208,1.05463076333267,1.01261805964712
1.04280519432566,0.969451521178757,0.986108022508678
1.04777738451073,0.943898145681679,0.991442802065103
1.022969907809,0.955839901222637,1.01354316309928
0.891749661796592,1.09759034995785,0.985633094326585
1.03406250437559,0.964782514415901,1.01333412535327
1.01482733127624,0.99484363618718,0.995996255272512
1.03102494989781,0.965976678821534,1.01964303147102
1.05629597756993,0.946020104996874,0.99798762473353
1.02259714443056,1.00335238596476,1.00993443556961
0.984608129351855,0.999194242692584,0.994089139577344
1.07527030924074,0.915506052723731,0.995897457117423
0.988523996058598,0.996225409780308,1.00059524627029
0.887763774449306,1.11383504126817,1.00171372692429
0.928611370114679,1.07246276796012,0.999762635764288
1.02937348492246,0.947128846907691,0.995504617973266
0.931471525065015,1.08155025756426,0.993552162704754
1.00363760912757,1.01863366278672,0.977718543236314
0.947626780650757,1.04612898939536,0.993405325872116
0.985572078888313,0.999362610446805,0.992573128932794
0.838522793781923,1.12771721479611,1.00615231016531
0.934700774995319,1.0742612412441,1.01250182569805
1.08894459380881,0.889033628458776,1.00795633638362
0.95433741302352,1.04480248493906,1.01187631127007
0.94557618148955,1.06324330075536,1.00893682969409
0.973690870663447,1.00736811177824,1.00802129566681
1.0057499971298,1.01615187152993,1.00233626008717
1.04603154567689,0.943410894055196,0.977353745333146
1.04017514082609,0.959755754555643,0.992223574880215
1.04168295525649,0.957580953260155,0.999246061150173
1.04523788672163,0.964114691387879,0.988941666350534
0.919139712966241,1.06595733584885,0.992373061146734
0.98530367070854,1.02052445612494,1.0051512639627
0.926565230341312,1.06117830002522,1.00482070770732
0.98745017662439,1.01621762307606,0.999367929936555
1.00870936579015,1.00655028778765,1.01051872656411
0.923509774403177,1.07613284962955,0.980729719809516
0.928944330052309,1.07893001893269,0.98775620052049
1.0225436728503,0.955641555541381,0.996844014538062
0.982891443652511,1.00642593921986,0.994297077820588
0.988706710468602,1.00455730826063,0.996167711298333
1.08298403278508,0.911917439843063,0.992417201930733
0.954730666558701,1.06167855188804,1.02204185948845
0.986398648819183,0.999099916067809,0.993462689970021
1.00560974591555,1.00111894522744,0.990433120106102
1.040718625203,0.936756627219664,0.991780570831261
0.923897211515284,1.06155814044096,1.00876890455012
1.03132254333278,0.998916354350267,0.992295075886762
1.04875925565084,0.945598770654942,0.986365787931109
0.902305291963248,1.11214177558675,1.00017093342576
1.05236872017336,0.935799234277428,0.997004778901179
0.994030111361957,0.993175371152349,0.987826043636495
1.00239297875289,0.978770608076865,1.00533261435108
0.965310609492304,1.01571456970349,0.998071897820269
0.94401523462948,1.08859208175885,1.00596600520991
0.973631269030276,1.03453345979608,0.987820302153192
0.953262955521691,1.04385999891948,1.00582632989574
1.0271081084491,0.956398552537006,0.99582633820336
0.970924530565528,1.03652434602767,0.98063648637315
1.0772233323103,0.944459916385655,0.994279789795754
0.984822611798582,1.01587946512374,0.976701585626713
0.985234101594806,1.03595569886725,1.00472778120459
0.944700432872301,1.04889056861036,1.00931921778665
0.938901422359932,1.04350282519577,0.990553303254847
0.9880729863683,1.02809489449918,1.00146550586644
1.0275030846124,0.968288093159973,0.997342694766626
0.995655332324717,1.02852948358688,0.996471886573781
0.995717789668195,1.01361552366055,1.01112765676329
0.961716157227469,1.04069995967306,0.999795282362243
1.03686627194052,0.987679073189849,0.990205203340751
1.03796067816408,0.949550883634903,0.980793824842667
0.990541077905353,1.00525558890566,1.00638745850254
0.990182254707903,0.997852366144546,0.995301972148409
0.964779259735535,1.03198030166285,1.00215071481289
0.911360995552981,1.07535155999007,0.984904351214638
1.00735720679625,0.990748911863104,0.995956681966071
0.909047925268219,1.10608192405873,0.985039738256267
0.888658230048874,1.1306448750276,1.01090306019399
0.979477049620929,1.00082000257876,0.995526395859472
1.0528865054906,0.930946006779715,1.00809675224137
1.02911548061156,0.990360471293489,1.00676979732014
1.02577423536852,0.964309159986714,0.994197859979002
0.90464573479597,1.09404899275624,1.00507879995665
0.971639362952146,1.02569018298709,1.00641012897417
1.05671490854701,0.939652351787117,0.997693864375818
1.01007070443542,0.991555027863467,1.00598488597886
0.989793770336182,1.00175850011351,0.999253234541811
0.96738511600492,1.01712148335723,0.982623113873522
0.97265548600696,1.01604733242797,1.00530383113217
1.03750749950656,0.963606658277466,1.00109136664735
0.96404763261609,1.04079393546234,1.00082120817812
1.10838339417329,0.894067870409115,1.02348374244738
1.05768328346527,0.947222570728598,0.991827150733783
0.980937854569931,1.02034115594392,0.998439575988877
1.01592217333148,0.992883204859326,1.00826309221129
1.01983154358421,0.995685338280372,0.978792230002687
0.96565455781787,1.02508724507562,0.988814141522889
0.994330978186378,0.975253996313879,1.00648383111205
1.00227833154024,1.01021991059734,1.00332795907753
1.00298862515541,0.955566616344451,1.00885240032356
1.02351522128798,0.967486368098876,1.00653477872369
0.969834322109518,1.02377642629973,1.01177766415145
1.06271941746671,0.937340312687123,0.992120474527676
0.916875084997304,1.11875231211538,0.99827569390364
1.02761235563089,0.993001078602498,1.00346193434639
1.03898652086877,0.978065002536347,0.998634768030376
0.960931759283584,1.03967916241224,0.988387171285307
0.988035471603999,1.02361429207302,0.973626096186077
1.0913038164478,0.911072976210131,1.00278395677223
1.02182042915628,0.994327821981456,0.984823669334833
0.933421391763063,1.05191319380015,0.99890158779431
0.917482788092624,1.08910652598439,1.00539062022899
0.941588017916723,1.04982791623462,1.00677359907977
1.01088624414409,0.97919017981552,1.00751515737288
1.03022765596222,0.968884554490802,1.00792719090513
1.00164446141926,1.02343970519971,0.995482688877825
1.02480391456743,0.953086371826052,1.02009735410056
0.986987406030059,1.00951111390287,0.983860720709385
1.06057189034533,0.909137542028217,0.997426556916103
1.02926932541074,0.966102813313302,1.00170301370205
1.03881057390102,0.943426034377238,1.0080624157994
0.997310948616755,1.00848168877671,1.00086026885717
1.01263630367959,0.991627971246906,1.00912570946686
0.939118699976198,1.09316322811217,0.981917918714325
1.02518537200874,1.00198191703347,0.990967095675408
0.996650723137704,0.997427514057888,0.995183817683224
0.953009813741082,1.03830585051466,0.986821724858671
0.985536035509134,0.969507752162795,0.977224684655417
1.00691328400452,1.00016615888438,0.999152047692675
1.01775725054453,0.987245061068006,1.00440202447841
0.999871949761951,1.01708042253486,1.00085854952467
1.00286330084515,0.987682361636308,1.00216693750406
0.975522307343181,1.03317789274222,0.97520680133093
0.900785540688927,1.07914660163324,0.995621553437433
1.10506156163499,0.87644372599203,0.993577599965208
1.00927524694714,1.00264866542878,0.998033467734114
1.05868398512802,0.941707511342564,0.992249963740915
1.04648142096862,0.971205705758294,0.993869680076132
1.05377430004999,0.939237524271406,1.00577119968694
0.964818055019576,1.03047254521405,1.00354526992227
1.04802409483616,0.95461843540322,0.989259818438427
0.958754115000335,1.05372741013023,1.02000263639676
1.01892819105815,0.987498111237432,1.00642421059393
1.06175057570595,0.945667638220691,0.992410117238407
0.954039798817821,1.01380995173132,0.982690533310797
0.947283549718681,1.04665510254606,0.994016388173968
0.93853838758748,1.03809789179901,1.01930208050922
1.03212424719163,0.958771093350431,1.00914221082263
1.02774068632685,0.971801091378649,0.987058585635884
1.03354934017256,0.974960034009836,0.993922667679362
1.10981755064548,0.895197356462308,0.99880904368814
1.12303071864192,0.868453369327508,1.00027866456243
0.997888849531023,1.00406224751899,0.996265898473433
0.966718543196586,1.01149013591627,1.00447324079577
1.11935325125791,0.864927000360346,1.00822764289751
1.02185808774228,0.969011401783806,1.0014024851958
0.954658813312437,1.04576597785101,1.0132445715713
1.00271655103409,1.00328442219418,1.00703404684074
1.0009883491041,1.0001833618242,1.02153243648535
0.985939174393723,0.997112633581704,1.00344405205686
1.10967441590138,0.881756142621326,1.00118419446318
1.01730490561388,0.974670283688452,1.00426550891678
1.05535113335242,0.94037200547618,0.98503041727962
0.994712004790375,1.00991432806412,1.00787535352752
1.02750582621218,0.968675934650301,0.98560726252149
1.12814194366748,0.881727402117412,1.01662028471721
0.950764944872566,1.03584563278528,0.998624485573049
0.958955897694264,1.05092232370778,0.99266327908517
1.08087515041766,0.940484990148888,1.00304215482082
1.00428040733574,1.00310751836609,1.01470724584191
1.00571634457065,0.973207275758422,0.997344104652091
1.02027896717957,0.956172309701669,0.988756496915101
1.0573897218541,0.949044922730748,1.00680382249113
0.980677407447435,1.01943675676445,0.98625032706419
0.99681965345656,0.988051633199016,1.00924064455686
1.0299070136089,0.97086396548832,1.00505467041887
1.0149170996493,0.975626114994888,0.989700999857058
0.959770446190194,1.0408160038832,1.00010625826026
1.0481552118006,0.96798137898339,0.995676512785815
0.921348427982604,1.06900798614621,1.00444094412829
0.971550154204302,1.01832680636896,0.996844687554482
0.981986102260962,1.02171230241631,1.00944614654576
1.08331828253182,0.893097564130594,0.971691844406565
0.914270154411766,1.1046410944802,1.01252860940687
0.952571061358899,1.04512948690061,0.988358663602646
1.05747771168532,0.945329375243818,0.984002666083869
1.00822962295167,1.00938016093482,1.0026546568143
1.03925933441191,0.971645315411324,0.994827114688944
1.00547190427629,0.998026632409848,0.99746325375824
1.02961034902054,0.961758471383747,1.00203821791132
0.999372592221642,1.02408869594355,0.996306824325927
1.04047054963538,0.976127503330615,0.994267285567957
0.92585636848844,1.08316837723246,1.01496610472348
1.00679553394399,1.00339134111619,0.993378404144322
1.01497094824807,0.978602130409394,1.01732337631867
1.03595662730636,0.975730440004148,0.996549377204551
0.936932659414019,1.06557874644968,1.0054295504294
1.00040663275621,0.984850455103799,0.992659539904648
0.956939671241339,1.03768178520343,1.00580103225256
0.974860826411281,1.0335380052244,1.00515677340052
1.02111178942883,0.982428355797802,1.01909082736333
1.03005691976564,0.961872151478018,1.01191195202914
0.969793423714278,1.0005666954378,1.00674068240595
0.891781942041422,1.13147752313704,0.996632862913687
0.92791824936029,1.06318685780437,1.00645839007158
1.09020788484423,0.912384847278707,0.994847292708821
0.985920392941131,1.01947531232522,1.0039311765772
0.979374958254863,1.01644761954848,1.00205061695154
0.990080592866662,1.00591800546082,0.981300860918876
1.00800595242272,0.976263003902266,1.00624335105872
1.00110567075852,0.997443668257766,1.00849039955058
0.958437566822152,1.04206278572327,0.991883164820999
1.0481913130148,0.970750959719267,0.976584919224103
0.975153038805631,1.01198424098902,1.00271201704568
0.979641279583514,0.990721566563514,0.998738660017954
0.917072207890319,1.06680370324235,0.998760884485007
1.02739811055456,0.981813335806369,0.980573304137546
0.990597813860744,1.01534521448525,0.995162979804211
0.973562129771324,1.02051972962552,1.0138362530564
1.01141176194949,0.971351102007563,0.99869596266782
0.924823197501224,1.05750443870596,1.01213054261139
0.971717782406675,1.00658202532565,0.996077469795907
0.955233907866746,1.05293253806456,0.985166723284418
1.11534941282757,0.883554762516941,0.981467201944723
1.00569012916631,1.02241425773361,0.991507527677067
1.0645858151858,0.91042295122951,1.00101240491264
0.98312780913371,1.01339275235861,0.985984116608367
0.949249173742196,1.05056945443075,0.999086987879114
0.997772422274137,1.00437181610608,0.997990817434709
1.01315466298008,0.987790196518475,0.991940338821104
0.953176178550085,1.05189162937084,1.0159010724146
0.956026851257464,1.05003495260411,0.998676534464889
1.08153205970997,0.909699393759763,1.01502094690538
1.10226534260228,0.90606867016118,0.995979036231596
0.925116981090767,1.09844777597402,0.999000915660407
1.0052566384125,1.01392640686389,0.997666973203359
1.01113694350208,0.985941636787349,1.00498771031788
1.07319419783166,0.912419512055133,1.01649361898252
1.04867458364166,0.957138668593725,1.00109165243561
0.912439256552615,1.07743523424349,1.00453796009697
1.06525558127878,0.941186777764145,0.991793527420927
0.899084589398647,1.10422321888056,1.0127813227741
1.0396963854399,0.95289209423206,1.00451137890327
1.08503077261639,0.911243511227299,1.01075983656933
0.940297274496103,1.05974380631161,1.00007899874127
0.989679523840902,1.01818841185567,1.0202966766247
0.950048174971819,1.04261336889633,0.999458908679928
0.975587940165361,1.0085014018419,1.02064877209758
0.935202761580716,1.07088749611436,0.992509297434993
0.984478475726206,1.02200769951818,1.00391586629974
1.04234523476815,0.98396531950023,1.00260377613336
0.99571437902426,1.00428113043892,0.992160936984674
1.04902120894204,0.965120338537045,1.00541239316842
0.877277597261446,1.11872155147404,0.9892803843824
0.911300630321947,1.08548038640167,0.999722170702688
1.08006225262386,0.938601241927887,0.989200558844705
1.01342390657228,1.01091974850579,1.0263462867853
0.950239769762373,1.0539749686602,0.995963930048621
1.09431943764568,0.899919858837508,1.00351755690768
1.04432717117954,0.941774165539632,0.993798942416346
0.912842486538465,1.09911995164524,1.00453280040669
1.02575732208025,0.97202582450188,1.00895219870425
0.931112550923644,1.07309349028122,1.00709328386444
0.959987668370002,1.02984284845077,0.998905273620907
1.04033022068124,0.934688919944386,0.995582314326103
0.94671373447861,1.07903375216649,1.00645352130316
0.909230017407606,1.10308462091335,0.997155512095829
1.01532840591185,0.958083435711583,0.986200979659379
1.07733425204546,0.912729868225525,0.993045583224325
0.935164071458758,1.07760556299675,0.995983542807307
0.96439655214281,1.0259750598199,1.00579779057885
1.05323504596335,0.951418170793874,1.00139595742056
1.08179148798253,0.92619734424586,1.00038159415999
0.961116549878674,1.02284577721946,1.00543316211974
0.973179122066591,1.03412402137278,0.991769188542481
1.08996736277467,0.926217802280452,1.01072505296186
0.981417328173562,1.02806723499572,1.02593067206552
1.00086503798389,0.995924064919102,1.00842834226717
1.02699843354567,0.958861411892001,1.00459840386561
1.01846002586579,0.990458968644094,0.992701798767472
0.917371078748594,1.06593781270173,1.00933153003899
0.997783241679789,1.0122123249235,0.995297294555475
0.985092038385625,0.992775025758445,1.01085109971791
0.908744883538973,1.06362586400193,0.995779274318736
0.949630253826101,1.07988321109051,1.0048991406663
1.00559212885179,0.982471459496654,1.01419975082816
1.04207798451556,0.957444104971648,1.00851487576616
0.854256278259481,1.13646763225735,1.00851822517561
1.05730192955968,0.935764464289895,0.989336209695392
0.953470001356194,1.07285583702473,1.02377413124265
0.921984901343599,1.06023080876566,1.00374861152192
0.973295070683162,1.03036407726429,0.991143476592551
0.970576204037939,1.02912590826013,0.985738560124332
1.02094263573226,0.978456066470124,0.991915412234463
1.00087223314578,1.00100272860833,0.997821605291135
0.946382464015362,1.03883126092098,1.00690011947461
0.886494228415167,1.10797892407337,0.998926887574648
1.08989089746391,0.901152692654767,1.01621911954025
0.978316282685296,1.04384080127744,0.998172427395252
0.894261696125938,1.10687137406551,0.999145626187823
0.990858962968368,0.972787917620038,0.999486910591159
1.02177480785684,0.987457420240239,0.980968309037717
1.00945376416974,0.998318030855651,0.99916128734618
0.973141938863986,1.00604929271133,0.998897140263532
1.03737847349676,0.968493695325922,0.994239373050026
1.00585862353159,0.993508819062343,0.999562863507174
0.987494104654112,1.01213451796556,0.999419216425882
0.914602041044489,1.08333488576955,0.996088512328407
0.95181415746962,1.07911374051965,1.00230693679237
0.994031386380663,0.996539022309093,1.00206090913447
0.991731984206096,0.999794807438564,0.995268975313311
1.0475230584739,0.96614940420569,0.995757331345448
1.08141632663598,0.911482335252893,0.994365577163254
0.97770422228822,1.01760319214112,0.998374147963459
1.01123360747663,0.973340858931275,0.996048330663263
0.939899165914329,1.03933004236349,1.0110421681489
1.0457062893931,0.954843370819979,1.00935074270479
1.01343630954395,0.989274139465966,1.00897517935367
0.97813992391709,1.03650152202483,1.01488884549792
1.01137981716822,0.965758534407593,0.999837665868734
0.980817300399304,1.01134226731134,0.999188464869454
0.975439457110542,1.00350548418218,0.997672791840698
1.01628729937222,0.969700530854655,1.0016008996783
1.08136498598939,0.909335696594103,1.00611033360522
1.05161866508896,0.936592934989687,1.01559881299569
1.01724002166308,0.994408672818794,0.99352598486217
1.0359380634799,0.955474561221339,0.990739941953775
1.01035530134379,0.995943048090533,0.990713665146651
0.953150791896726,1.05387637475722,0.99915234843965
1.05224872793499,0.956537716733331,1.01901114254315
0.951284089386755,1.05442436938547,0.973831088594929
1.04756955224314,0.950040876549796,1.0126146287174
1.01933708577225,0.951524998756793,1.00917416338795
1.0224249672998,0.976585105697801,1.00154150210856
1.00247004313745,1.01748543867756,1.00867547596802
0.991603921928953,0.992406599406437,0.997995087185206
0.977664628964251,0.991101635459396,1.00866390524556
0.939197653090081,1.07319234186613,0.99997777869792
0.992577435236762,0.998496157748511,1.01989403009997
0.954079008961136,1.06053669733439,1.00907067728208
1.06767014670755,0.952334888198052,1.00364665339296
1.03181243361678,0.961525335378333,1.00584991888505
0.966024180894186,1.01854320128117,0.97869392745074
1.02344045696644,0.973433554391118,1.00354034632458
1.00763331606926,1.00956643448009,1.0030048926611
1.01645377018123,0.990227231615381,0.986201145324052
0.940892224887321,1.0670675972406,0.995963967499592
0.990121786970638,0.989656567521079,1.00508821396441
0.987817392445306,1.00617612356449,0.997915471975677
0.912697291267826,1.07558609334906,0.981809666962688
1.09405100625598,0.907919535840974,0.983205758711241
0.994370533283811,1.00937600272216,1.00162441931882
1.05283030630445,0.960860995121308,1.00347363419333
0.985234916179272,1.03894663068314,1.01924109652563
0.946005685941123,1.04853162689597,0.992257557453
0.99878861893482,1.00109844235792,0.998802236095158
0.951196728858967,1.04635921291885,0.991545880531564
1.11939885008705,0.895436656735553,1.00003851384361
1.01200014235137,0.983453367984579,1.00880044566494
0.983032330854632,1.02012767854998,1.00824352612738
1.00941311217976,0.986072548466298,0.983343707512096
1.04005343524429,0.953199610566618,1.0130986230617
1.02393792346044,0.970725874998926,0.994778653229277
0.962258399810837,1.01787343533103,0.983770092830225
0.970785362373283,1.02403967058978,0.991287345582705
0.988003169517579,1.02651231047129,1.00059864797142
0.920411733949684,1.11118297820544,0.994118257581784
0.973061049875386,1.03841226468635,1.00767507678501
0.916426581082379,1.07972250020035,0.994992105277453
0.946604662756346,1.05041428511371,1.01356944135859
1.03789764576296,0.96652854108049,0.985169811925585
0.992943728268106,1.01063447173195,1.0257489644577
0.932920925645798,1.08068979407513,1.00014960103028
0.953104468868534,1.03779945899103,0.978347494567338
1.01511577201543,1.00286933989807,0.988999253061219
1.0849229875726,0.917776391479791,0.986889696758154
0.995337518226174,1.00579878542362,1.0058082308439
0.990258335830934,0.99603874803986,1.00023403304221
0.961964640311463,1.04597412672702,1.00977185128
1.07945960515553,0.908894578873099,1.01405193622213
0.947188819706083,1.04258322260601,1.00326410886514
0.957262982449365,1.05865488537067,1.00902602845003
0.943323515268657,1.0700230083369,0.978516238627424
1.04285511320462,0.959218884855255,1.01067611826866
1.01341757854388,0.981480847093749,1.00891624537464
1.04053063393639,0.938362414975074,1.01542606905924
1.00653600788959,0.990847786231705,1.0087453978656
0.994985953779751,1.0176381890124,1.01270084334889
1.01535641171285,0.988050120101807,0.999570477682965
0.991001526954921,1.01519857787937,0.99913719014711
1.01566405470562,0.986581488001139,1.00712402672542
0.964022853283613,1.03707428001444,0.985934442147912
0.985676034516583,1.02524554913644,0.991609456596461
0.95404738434468,1.02213905670167,1.00982409328903
1.05423679885938,0.929662971589868,0.981559214160453
0.917277564310771,1.08074716767988,1.0087693928564
1.00548004774578,1.00194964777845,1.00749793414298
0.992540149844621,1.01894937943323,0.990827804925104
0.915066545151354,1.09322334940741,0.999345009323466
0.990613370202043,1.02188938099003,1.00399227837264
0.99511004871328,1.01410901401307,1.01739340575005
1.04882974971352,0.967033568372411,0.99757349990778
0.995105666451354,1.00611949263282,1.00864856328308
0.996892430813851,1.00386258082585,1.00213619698483
1.06304532502666,0.936246126291644,1.00182682821362
1.03128118482421,0.967429032421644,0.992423169936811
1.03227700166892,0.969144050180649,1.00090826740134
0.970834383965325,1.00317324756804,0.987114549917671
1.00065649870723,1.01305482394214,0.99794665863781
1.04326420897667,0.947776532380657,0.985016899304006
0.925005333220961,1.0819827883541,0.999641662299983
0.970581315130571,1.0408275095421,1.01681625121001
1.01045455539543,0.975166654981344,0.958921961808594
0.979542011630976,1.01176074907472,0.995147436138468
0.998355776448797,0.976574806372794,0.991577359391913
0.974702747408505,1.02194886829704,0.985638901213667
1.09465831291117,0.908670129437467,1.01244373047705
1.00425021057945,0.996775243092944,1.00643069296173
1.03809768657213,0.97803915859529,1.02569870981844
1.03700791864355,0.982808136303751,1.0011229775985
0.850116480294952,1.11726844794098,1.00645097541592
1.02206523905314,0.951215227345797,1.00297943578256
0.90877883123479,1.07183559553108,1.00380200210913
1.059823196461,0.933343800520924,0.987309520388663
0.935776734302921,1.052401568074,1.00424951570626
1.04767944686237,0.938005943503937,1.00920205031576
0.960004887284467,1.04664288081296,0.992826040208556
1.03012645717211,0.962265711063325,0.977518282083453
1.06435875557754,0.939679798147553,0.995528527641826
1.03137361750579,0.982359525027882,0.998415460464479
1.01572470396571,1.00015376259035,0.989379396279158
0.919560930690554,1.0494833295972,1.01213763653022
1.07580659029692,0.953938667860688,1.02597221962418
0.96094002615746,1.04896489415735,1.00927197044174
0.970136303045945,1.0572161435528,1.00108221839509
1.00062955593574,1.00074294462648,0.995156936095918
1.05594725429112,0.941230818323815,0.998248763333038
1.0309065191659,0.974879710868308,0.993422677912095
1.02868614200688,0.966436982176436,1.00289293276572
1.10753793572401,0.90290915066233,0.981393654846815
0.954726409038224,1.03878364473032,1.01050251469113
0.938128818436222,1.08856566094269,0.993082585012563
0.959185696760042,1.0217939640569,1.01069449404785
0.964620842928916,1.06837533105339,1.00675670491398
1.00200486996119,0.981145088957271,1.0065597935651
1.03186925622346,0.968672269954791,1.01102696851735
0.929120966807862,1.07137089561798,0.999248597830345
1.00002424627292,1.00562348810012,1.00175835559137
0.943739874634302,1.05232962063087,1.00755350521868
1.06208034427863,0.928606733319983,1.00817789793683
1.04581503453861,0.953541426171423,1.0011613609295
0.985893971499638,1.01976623703162,0.983582004426505
1.06812275852174,0.92519514758445,1.01672460402401
0.996038110192972,1.00349001215852,0.986407878686051
0.995915184627921,1.01564895661397,1.00736291501397
0.917087736620455,1.1015357525694,1.00184796476146
0.943553246779144,1.05180303997521,1.01907124200814
1.0556609202079,0.944204609253245,0.995168113875327
1.12014865702349,0.887679630103195,0.987162479656669
0.930516514142782,1.07472848080802,0.999727497311968
0.931823753029849,1.05001200493847,1.02076719055419
0.99231264610461,1.01513768543043,1.00810931768536
1.10761920487655,0.888262226524953,0.982889473009019
1.06498714151498,0.939937717668977,1.01449696439548
0.942447257171524,1.05929926664744,1.00883304918448
1.02531881063363,0.971504428140696,0.999816031866958
1.00059094230256,0.997199035297901,1.00070145789854
1.04730977084108,0.947285493338147,1.00469415428874
1.0217830297002,0.979732998001346,1.01363592308664
0.96616925514288,1.0364514931873,0.99607741294263
1.17026968040955,0.83997409063332,0.991344733553189
1.07534113699344,0.93690166643067,0.99549930164351
0.997504461877834,1.01799192544332,0.996884654943051
1.0669947807446,0.936054090345627,0.981046146398207
1.03571451591231,0.976533360160372,1.01759933539955
0.903849445289027,1.08538645758404,0.990270085387866
0.94942501398219,1.05867488788391,0.991806886902045
0.94585505653406,1.05455516103306,1.01001071005462
1.02811538138597,0.975594233897415,1.0019009447972
1.00660147516896,0.994300535687872,1.00893485596307
1.02401281651652,0.982781501494332,0.997620930285191
0.957586813306228,1.03534669666552,0.989841690218938
0.928075806673556,1.05465115345753,1.00782244810013
1.0461355896045,0.968696303103407,1.00191134743635
0.986959851850898,1.00084769100146,0.994594506256983
1.03464312967562,0.947755224302302,0.997291113272568
1.08979963436199,0.903444652189312,0.994748810662314
1.06451359509813,0.93367657698264,1.01572612036464
1.01706339308039,0.980483337333709,1.00337071936431
1.00978874536,1.00803691437755,1.00427750143315
0.952026509970415,1.03079856188468,1.0045678685248
1.02883066615595,0.968108715733004,0.998572617200356
0.997313083308056,1.00198227489035,0.955118747425565
1.04270670463644,0.942433742454227,0.983441121752343
0.889736365635655,1.1298764808162,0.997797309183591
1.0981131336957,0.924340961027035,0.989278308571411
0.98576179354521,0.998773861568443,1.01283678654058
1.00663662065163,0.993648294496071,1.0015053617001
0.960483137000904,1.01724678820624,1.00041731222748
1.09803894529886,0.905928150960335,1.00167087522345
1.01698153983622,0.983722989532459,1.02349889682643
0.943350009046749,1.04023182986429,1.00096886429969
1.10093933564543,0.905134501524802,0.995555157185979
1.03286050981187,0.942971028945485,1.01556183625645
0.963185721085781,1.0075928180995,0.994873469377389
0.969011290682691,1.01793774744034,0.994175380920264
0.994570625741759,0.994347822822809,1.00750671392862
1.00361695176536,0.999899300842703,0.997363971920993
0.978700655704331,1.02487015888153,1.00323285804864
0.979582519954754,1.01583740568054,1.00654687591067
1.04529052158766,0.97253812879507,1.00434280971616
0.896006219879046,1.10941990415722,0.999075569714972
0.934783680629097,1.05062675892717,0.990313015457607
1.05619469471784,0.927768630958521,1.00481450534719
1.07189229186911,0.927783519269842,1.00001982125387
0.991832761132239,0.98742508532504,0.997966300342684
1.03828629729947,0.958876499415393,1.01134751065165
0.951615617128159,1.07379483504105,0.998552463604274
0.898430487920713,1.10093508557291,0.988330697352081
0.983906641314988,0.979303291687941,0.989306879818276
0.975805508042056,1.02342792304103,0.991406812577147
1.00635448590467,0.970364096532742,1.02304439441486
1.00025658393304,1.01140596669789,0.996642109319719
1.10316880286505,0.913716234699558,1.01557902131604
0.93086031098679,1.09719005601615,1.00151492510252
1.02168914879231,0.998789956476398,0.99460891203465
0.97056547829243,1.01924157933956,0.996020029693669
1.05621095794125,0.961822151508171,1.01693781315372
0.947086314534315,1.0628421837066,1.00933045519361
0.958781011835661,1.05203217428683,0.992543439832988
0.991563145552553,1.01853682442848,1.00485707005517
0.969516248028849,1.01898723660589,0.996194507400946
1.0085428099084,0.995050228306616,0.989660449879869
1.02017670774917,0.986834711810701,0.981918251898246
1.10299512758385,0.921817384977621,0.983016225118393
0.99882448074723,1.02144195675628,0.987834139792431
1.00944031902649,0.977905012020242,1.02013302534763
1.01187340097414,0.995272561404163,0.986768401162275
0.996166922277599,1.00023025598667,1.0102363483564
0.910973962927919,1.06714767809773,0.988404510949575
0.992358873937044,1.04553337125023,1.00828131905368
0.941226161642512,1.03638959209044,0.991133567453448
0.979957064313392,0.990135703946162,1.01052217382237
1.01228755943412,0.971089926116529,1.01083283097599
0.902453876149962,1.09270738828477,1.00649436815626
1.05104782945682,0.957429647056909,0.994432363166196
0.984949742633593,1.03436243130204,0.994069657265667
0.990010127471237,0.986541688301212,0.982626873153727
0.991171261486286,1.0204873078285,0.983176861332054
1.09145625575188,0.916983539795703,1.01309879247088
1.01368206066587,0.993805092678575,0.988656463828144
1.07150513579897,0.918054519293737,0.985700870340294
1.04016020032878,0.979662637871627,0.987326889773181
1.05051440475406,0.94588710954211,1.01191281844981
0.978380529622576,1.02874165828397,0.990056712225974
0.937564596171699,1.0651236004295,1.00074559763557
0.923389690256591,1.09590275701091,0.994424363027092
1.00993055460911,1.0208409148441,0.996491355486903
0.903499178365874,1.10500912377084,0.997693511670768
1.05314415387173,0.95015508046373,0.99619141772855
0.951738195143704,1.05008912738486,1.0084892675355
1.02953467235098,0.976671781661976,1.00165967023802
1.00121692816627,1.02061080447285,1.01773903970928
1.03669683392704,0.956879493516211,0.993752011902101
0.92690669368392,1.07625586488062,0.99943107410654
1.01035984046026,0.99562494021941,1.00513731484884
0.969636536589255,1.04177246221316,0.997091334144357
0.948486342832097,1.03889035170476,0.984103662848219
0.969713499197244,1.0170793801787,0.99766448287298
1.0163767457145,0.979890797052053,1.00133268448637
0.898877724231451,1.09932822297911,1.03099808252801
0.976714181262104,1.02322254337048,1.00696647938002
1.01930382640697,0.98122673493079,1.00552588937545
1.00133174639919,0.993866927885835,1.00435928081093
0.908854903420914,1.09327553934741,1.00069568414579
0.985473204272377,1.02086481256781,1.01908724873673
1.03573451513192,0.944269405028901,1.01272277354977
0.912833311884295,1.08693561493488,1.00142723387703
1.05356999568166,0.976884653025041,0.98372888660433
1.04792639952926,0.948008371660166,0.987945107107189
0.932504624218127,1.06709787008428,0.997832566899105
0.936803261142255,1.05525307921294,0.998690474369232
0.980388723531042,1.01841156736288,0.998456075232221
1.06486319430964,0.944639814378626,0.995624431652124
1.02813194134617,0.955414165671184,1.00190255510054
0.948075169693893,1.04303055948794,1.00632522030684
1.03713006669635,0.992309410572255,1.0006196334269
0.959895231107991,1.04051936696026,1.00877305649517
1.03834206958305,0.934553776293097,1.01452042235448
0.947799669296775,1.05121369582983,1.00208804219267
0.96132410595794,1.04781178025347,1.00021156779591
0.984175756707838,0.990767731981396,0.99733465136729
1.09208165762459,0.923679514283333,0.982031992106146
1.0344933356638,0.953793133986564,0.980555070390971
0.914454963808984,1.07182550207363,0.977040767556775
0.985322136404137,1.00178641488023,0.992601756292047
1.01087614218199,0.993594408989157,0.997832488310178
1.10035898745279,0.903849691622821,1.01850981101213
1.02655914720175,0.961894713795838,0.992667969822457
1.00061689404554,1.00755927815892,1.00064001234925
1.03886575927143,0.961610546214859,0.993040723421884
0.982627050164361,1.00570952056421,1.01289233360252
1.0139354502758,0.992766371674838,0.990324579071829
1.03761757639778,0.94249863477465,1.01125350053365
0.906783831863599,1.0940047478234,0.995139306785352
1.04129801630416,0.975920449574531,1.00342206760279
1.05033379181886,0.925988600892955,1.01913241949859
0.99142610008048,0.998993493730827,0.991237352154631
1.01447054129584,0.98530533477039,0.98672517019498
0.947700416357604,1.0544996412561,1.00153278735166
1.06165799669192,0.90799528453726,0.990388012389903
1.06094363286541,0.937266906387378,1.00847939249347
1.04892195697426,0.947644421282427,0.997116829195327
1.14207442278732,0.858239790738739,1.00071610447696
1.04893902783898,0.94841955298179,0.990832957829418
0.986780597611867,1.00665022933949,0.998925350752003
0.987508751746376,1.0172560460517,1.01017724163846
1.06724156126438,0.939852262529631,0.996192081088678
1.04607838135045,0.966300898042517,1.0142615903405
1.07472837265151,0.925660079099693,1.00222711666949
1.04094276609052,0.967130382110238,1.01575980405187
1.07441222259264,0.903327325761974,0.986177433254401
1.00182432742779,0.99175801849745,0.996826623114453
1.05868828827154,0.923180083536991,1.0075795790839
1.02914636175067,0.998992110624442,1.00205188694557
0.957638184200231,1.052537442952,0.989643151466182
1.03562336010602,0.971256016318916,0.99768392737699
1.00263432572904,1.0085521995206,0.993312269905174
1.00983054222642,0.995395969423629,0.979631487401625
0.968461874027475,1.03129658857174,0.997592170430186
0.961783882479076,1.04254187663865,1.00997484405356
1.03340641575521,0.960026379612948,1.00354486975029
1.09162172534177,0.916748050942382,1.01097556485531
0.98856559731027,1.00960294649438,0.997253239884606
0.967398281539259,1.03091691242281,1.01118238058779
0.981927089664182,0.991946891675495,1.00570057698405
0.947409184421664,1.03727499260297,1.0310314149649
1.00385583836246,0.987789248491535,1.00455317408869
1.02696083228897,0.990423525667465,1.00878099178628
1.01201291592721,1.00029081734071,0.99159720377923
1.05808743791282,0.936261010614345,1.00692680541911
0.999439905759735,0.979979439602076,0.999300862007878
1.02114948768684,0.973705499564329,0.996994888004076
1.04987281454772,0.930842391748835,1.00933846126218
1.04549573194094,0.949040786735789,0.989783363817905
1.02207198159165,0.972984976708508,1.00495531061453
1.0207676281541,0.968731814176297,0.98522454859156
0.991387470060397,0.995859624394316,0.993129542623872
1.05913663464508,0.95414525987431,1.01267748818248
0.910733381486867,1.09239324967269,1.00740018031585
1.03371198231499,0.974853823050938,0.994843934344676
1.00984340503494,1.00655463454626,1.00506537562558
1.05332982272604,0.951506225731569,0.996602464708332
0.883711864689896,1.1083466310014,0.99584248061738
0.89855589489928,1.110914211777,0.997063808958631
0.972207751325949,1.01806277747414,1.00299189346741
1.07965436738122,0.970655408401689,0.99846382165287
0.987721335436903,1.0183605392372,0.990979675324047
0.959894311902298,1.06300326472241,0.972822305783577
1.06288777097148,0.929467850929937,0.981848334638155
1.00144923598103,0.99081086680718,0.98441614951151
0.914434261252605,1.06118831022945,0.992741338043465
0.959629016079678,1.04580068563093,1.00175107094188
0.965550680713075,1.03328229988675,1.02553539432143
1.041975751993,0.960185359263035,1.00694849805803
0.970203978828614,1.04816051401316,0.978905241927327
0.931171054519916,1.07501389621085,0.996887234070238
0.88773932445204,1.12564168203523,1.00180381280401
0.942838277992176,1.05314056583172,1.01490220223105
1.03344570792771,0.973702519366295,1.01587510119262
0.99863373244234,0.990526102747008,1.00974700775259
1.05901551479315,0.94319371127321,1.01004421138425
1.00797964242825,1.00683505741748,0.995881212778713
0.940236260305872,1.05818324529644,1.01163735834905
0.986703168213483,1.0205567434895,1.01920180944616
0.997412697388675,1.03795906336207,1.00765094444913
0.977029521394632,1.00859794053406,0.999206237326967
0.95429352959698,1.02428717185272,1.0112951288654
1.03095641089591,0.931402057952692,0.978879110889696
1.02277748583891,0.961550139790498,1.00603955584406
1.03995505320003,0.97386605668344,0.998933288733904
1.01025763800344,0.967304466358377,1.00743258694305
1.00438285836508,0.975730793070702,0.99439931556505
0.931810822457197,1.05281303107003,1.00324709172435
0.969129002731868,1.03229127247796,1.00661632512702
0.952978801456031,1.06433264418202,1.0194374154041
1.0009729904518,1.00526938134096,1.0143193221252
0.950946194140785,1.03820185615384,0.996272858930274
1.00093559920284,1.00882883399664,0.994343430640684
0.926901635128063,1.08484815220741,1.00411739755614
1.01649484485437,0.966251575534555,0.990726241269709
0.990847363060464,1.0399040305063,1.01331518837689
1.10862047800618,0.890801067343737,1.01626225933824
1.05563996813859,0.961832440198621,1.01069985152212
1.00363444560827,1.00530315573666,0.991224007817545
0.983643637616769,1.0189878971098,1.0154323721838
1.03192676896298,0.972128848082301,1.00354628340676
1.08842049930237,0.921444822179681,0.987032261498514
0.911229841696099,1.07780128809737,1.00211007717997
1.03065562207558,0.956117052877288,0.99782630129132
1.00725907129337,0.997590839440152,0.991142083635415
0.970462974785685,1.05218075138723,1.00115869187453
0.977869431246954,1.02451249307017,0.999729181527404
1.00020410389292,1.01018781388578,0.995815392890612
0.976944477786818,1.00921084717025,1.01031431775414
1.06758749810369,0.939845813123165,0.992626884510263
1.00255501312207,0.992364734066263,1.00817995822192
0.971064512112649,1.03385783508364,0.998764768388691
0.869566150059267,1.11952476748947,1.01297589728557
1.02020902396318,1.00140767122002,0.995335669957708
0.987957903073229,1.04096043038687,0.997639448161873
0.997051422964926,1.00590672938968,1.00598565648994
1.02820353914406,0.936841540707286,1.00717160175964
0.964848119828852,1.01700741614546,0.999835670237532
0.946702458327117,1.05347143523216,1.01901923828778
0.948454420660754,1.06331974090607,0.973498129981448
1.00501719009649,1.00422127069529,1.01393579346703
1.02299577322722,0.968608310789975,0.982313306199622
0.930781859145457,1.06332489423667,0.992744197582143
1.03702824169491,0.957128147864574,0.995295349056958
0.970065107826254,1.02974574145075,0.990339253650839
0.993300579470089,0.980182449969158,1.01662582866752
1.09053090033443,0.911100640164244,0.996818541119503
0.963178031759076,1.02664304086464,1.00820432314244
1.08331028326679,0.910286828258718,1.00042996897295
0.976422383666208,0.993946171837801,0.998057785757023
1.10464217467727,0.884250825268415,1.00350345591323
1.01016418232723,1.00534137484611,1.01349424196428
1.04111985593583,0.964625153707832,1.00349672236051
1.00253795313543,1.00943326810198,1.01204710115073
1.064888890888,0.926335977307432,0.994746472221867
1.06917014406885,0.926922300328547,0.995122869569594
0.990582282540286,1.00830001882504,0.990964908525644
1.03304343867171,0.99316487696346,0.98902492382056
0.956988039186998,1.05188553761697,1.00195761473268
0.9455635221657,1.05304061590194,1.01609782540383
1.03163774802504,0.972816714249128,0.993660020417791
1.04871520998771,0.937006082049697,1.000418782512
1.02309064912989,0.986558621240965,0.975436256247297
1.07329235255595,0.933292313845722,0.986047675735587
1.07354935570659,0.897724047405451,1.0066371821057
0.963456211468872,1.03867297937779,0.996391798176354
0.995765500833816,1.02132827404969,1.00496253627009
0.991608697484096,1.00825149967342,1.0062704401533
1.03072723059814,0.991194060663711,0.988314967559562
1.10888673473891,0.891194222456542,0.98624267306851
0.998006951225838,1.00725789746372,0.990688709116593
1.0645554189441,0.936395758470937,0.995363142194925
1.06116425821902,0.953780339466973,0.996396846585828
0.948627569977142,1.06719866933701,0.988697984019041
0.988124600715164,1.01865508334013,1.00209057381733
1.01323452198764,0.957213496802463,0.988635875838361
1.04075178509181,0.942866748967214,1.01492404527571
1.02097523748179,0.963149910592993,0.992132798128866
1.08146255802495,0.923759025611933,0.992323586142151
1.04642615265261,0.959806386691411,0.998808469363204
1.04922930289934,0.954348974662,0.988663477142443
1.04333069950892,0.956336517590625,1.00717993748327
1.02062861920359,0.998988925059442,1.00159973599103
1.05800724685103,0.949169731105385,1.00961461915574
1.01119959091976,0.990518527792024,0.999736662084269
1.05715088642945,0.926441794156458,0.999576641389985
1.0972060540804,0.922490606344318,1.00931019472438
1.06256187995618,0.939223669295308,1.0050619315552
1.00117195468536,0.99820107711726,0.996896268108802
0.977194361822218,1.02524260404486,1.0191694133223
0.968068650173569,1.04202678309903,1.01564538152223
1.02020792376544,0.962568724280108,1.0124170382569
0.945410491582171,1.03400985521545,1.00611642596219
0.988258789045257,1.03322315938411,1.01447674839761
1.03690905308912,0.955069984271628,1.00772178816504
0.995865632056504,0.999460692549755,0.998739291336571
0.99571538088598,1.00650731246445,1.00516915289765
0.953456334270809,1.04627297563448,0.990100748837951
0.957503710201735,1.03084785737972,0.989057774089765
0.951252557899937,1.0494637373736,1.00418343613876
0.950676001086628,1.03364280683998,1.00316230197526
1.03695429799775,0.944654265895407,0.991138239319937
0.999555605964675,0.989888392641959,0.985558970581693
1.01828438318987,0.980774677780928,1.00201878827602
1.01280720465101,0.968223613449225,1.00705336344414
1.00279452169652,0.984303007989747,1.01114153087955
1.01925361537801,0.981111274399712,1.01142087285726
0.915781747751896,1.09820387262914,1.01899591150117
1.02685898116446,0.996314857569149,1.0015012757093
1.0293630118907,0.968986596736075,1.00163914603045
0.962549497015869,1.0428945266896,1.00477851837895
1.08988709308107,0.906002211601678,1.00121971115087
1.02937269652696,0.974804013634948,0.996524144359396
1.01767842105423,0.98041809612345,1.02199665718989
1.07565045366707,0.942623830513705,1.00017747238554
1.04257661447463,0.949235960679744,1.02648921390676
1.11724156549525,0.891921433543353,0.999089594180106
0.996795328786068,1.01588393570713,0.994102587398227
0.977982864710595,1.00885239349038,1.0059253577146
0.988367157708786,1.01425829672402,0.987984112192637
1.0382026743091,0.93688735675895,1.00779369632753
0.975443542734456,1.02411192452185,1.00239964992691
0.934245577908254,1.06151592209727,0.991674220719206
0.956027968682388,1.02129022102656,0.997901482786183
1.03794263174129,0.960985600734083,1.00428662200138
0.978960238951172,1.03637800380137,1.00893692706429
0.942276724592173,1.06261434381225,1.01660912262623
0.94175425858008,1.0393524771566,0.999281441819229
1.02639279287977,0.970134684090677,0.994041440465651
1.00580050207261,0.982383895478616,1.00544613362074
1.01816782854066,1.00650807984962,1.00117861746244
1.09680305501485,0.907915547742267,1.00983965615395
1.02200492807542,0.948680795089373,0.990250809601405
0.839074218729225,1.15947133852273,0.995227113889813
0.987093669270492,1.01331294028486,1.01795266721133
1.00468307032694,1.00048253876224,1.01274860301713
0.971877577721346,1.06111216800954,1.00060778735505
1.01703680898875,0.986621508043194,1.01429876920488
1.05620448331323,0.951116279875718,1.00695035442294
0.91820086624781,1.07087500352565,0.989924491793249
1.05459094450568,0.945533106680746,0.976676345823687
0.991920002491996,1.02111440917542,0.999306670991908
1.01272843234107,0.973931235914655,0.984743785665298
1.01678770069981,0.983944072943048,1.00899700935102
1.06212696570945,0.961140250264608,0.991037897829697
0.950238567335188,1.06708092289366,0.998159468695209
1.05313798506265,0.954211697482089,1.00557361272289
1.04860807351485,0.959896601965386,0.985498816570252
1.07892841913005,0.905057444502737,1.01471782318043
0.913670752437391,1.09136801414458,1.02360475810409
0.955503455717163,1.06394498873625,0.996299042809205
0.948913942233482,1.04081978366286,1.00068147886478
1.07496841268158,0.914981128349625,1.00426656193373
0.995000873867923,1.01345323604195,1.01395479496876
1.08324821763945,0.914916052144749,0.999430441546614
0.960719185245462,1.04541577175706,0.991058061167921
0.972239167820588,0.998983003256691,0.986306393657882
1.06170374961677,0.953617441138187,1.01142794759166
1.00729193345906,0.984380521577122,0.997080439015964
1.04820193750441,0.940866425311927,1.00004716658933
0.978277332228396,1.05239618920816,1.01219148860276
1.07650102873338,0.92563001826786,1.00434098872992
0.957922348670268,1.03219726721361,1.00810542977986
0.914629672198149,1.06298802935744,0.996436613993657
0.937540729399803,1.04816720707675,1.0029689311247
1.00974216337743,0.962757704797327,0.99996595720337
0.943869189144503,1.06624255162579,1.00685145001904
0.988615584497627,0.998693147114355,0.998489528280585
1.00610927658936,0.992723034142037,1.00196840102747
0.985465433703514,1.0031759863841,0.998967036952778
0.932232803012599,1.06927583914386,0.991635104341123
1.00552023287996,1.01601357271358,0.992244259243454
1.06939208896037,0.969862379160334,0.988915629729817
1.05014022791556,0.944173720819976,1.01230650939451
1.01569278746587,0.985842163443692,1.00564082815814
1.10232515470598,0.899980989533995,0.977027560808303
0.964125382618642,1.02709703678731,1.01321094140364
1.0410051602904,0.968290275513821,1.00118117037947
0.990523506123715,1.00082245029744,0.998160002641989
0.952586128309132,1.05153371367685,1.01710485941976
0.920971243190338,1.07882063725685,1.00957116469486
1.00864271421512,0.996957898529586,0.991797867437373
1.06816117266614,0.935173122234254,0.989999986065568
1.05390768433736,0.949595376497908,0.997614059257098
1.02116933361414,0.961774715970289,1.00275723267068
1.04819062879061,0.941186728548614,1.00787032932519
1.0211409681124,0.965972845932561,0.999758490879679
0.947168689314242,1.04904476814325,0.998954594360226
1.04075312115461,0.962522836672332,1.00410107156339
1.01571792941981,0.978052426965648,1.01536812968634
0.928138877437887,1.08454108678976,0.988423752879054
0.993950100034794,1.02470629764041,1.00392407601554
1.02835789579878,0.956516061803474,1.01258766215209
0.961046199131999,1.0191037846076,1.00776317902462
1.0438740710365,0.957489153405941,1.01606423369161
1.00106394791707,1.00349584730478,0.992011400963228
0.923717596863079,1.07919673053182,1.00326673883977
0.985500796665548,1.04073914801279,1.0023903382746
0.980001775870628,1.00461073993692,0.989875589074735
1.10538977955991,0.898709996985074,0.987849093846436
0.924308127346765,1.07498669364795,1.00144324749264
1.01362065934157,0.989225864683441,1.00754378627676
1.03642810009911,0.945799923526211,0.997080563502568
0.989234845945908,1.00560490486838,1.01744306415368
0.942288928642508,1.05746263102143,0.986277290149532
0.994496119604941,0.985361906411159,0.981824874386077
0.983894912369442,1.03805226119685,0.996243957777802
0.992031022566043,0.990565130900565,1.00069641789144
0.968571240241256,1.03882912034034,0.993627288408996
0.931093846883264,1.04998807343396,0.99171345132067
0.966592402779308,1.03110842786073,1.00165176053312
0.987638033533578,0.985269403326162,0.99824841399911
0.955954494840572,1.05264049956888,1.00157296666025
1.02785578426689,0.985057431337443,0.996127680585986
1.01290289373086,1.00152296428567,1.01389900905563
1.05056016911186,0.950068502595888,1.0016738115031
1.04759715169412,0.934197181328752,0.996639896638027
0.967777935526524,0.998562245044883,0.989785484783975
0.960204462819957,1.04664984206691,1.01752220321535
1.04692639862974,0.958418416877628,1.01202602480785
0.953233147923588,1.04985520577278,1.00776762232342
0.983996213123392,1.02085979643727,1.00141115804679
1.06622878750883,0.9551485352061,1.01086260356737
0.955908813723092,1.04825219405539,1.00929224334455
0.986399736515063,1.01954649362168,1.01061398987115
1.01606341312766,0.981812111324387,1.01362343271064
1.09011076761094,0.912859550639654,1.00078543890342
0.938169656636256,1.04933520193655,1.0033314557948
1.05011814265565,0.946499742319557,0.992180956224977
1.10454712508018,0.906963941546139,0.983389841122646
0.974560222924026,1.02208703722637,0.978641167457731
1.03484076249292,0.944734387735581,1.00373898475113
0.921091452067297,1.06075048602173,0.992612676761964
1.01219022484632,0.962168522816903,1.00647898244023
0.944176373636282,1.07316375962183,1.00632398076934
0.816296626540397,1.15254922242237,0.998866237321668
1.00672432812807,1.00649967630235,0.996487677889046
1.09866580131723,0.894873681065192,0.991745222283991
1.02552304704188,0.962236474079771,1.00666438764352
0.989099869174904,0.99720217801609,0.994497226790945
0.872379857108357,1.14316646783766,1.0123394920825
1.13961996422375,0.871223310759185,0.985804352798707
1.08988893354646,0.938305217799182,0.990500967618016
0.974824920154334,1.01144724378529,0.99665257474985
0.982824322711693,1.03018992716983,0.98298138186834
1.00649014478669,0.980632545527077,1.01595506015405
1.00940918934942,0.977367125580675,1.00554192335767
0.934827679781201,1.05502020235825,0.990230694322621
0.966816350255257,1.02454141170522,0.994387447650677
0.94879957016601,1.04900990675393,0.99695600517079
1.04519518488704,0.945767264490288,1.00576061134353
0.963813279490622,1.03426953557225,0.99263250421233
0.878268747112547,1.10069471097584,0.985991802240573
1.06418020966947,0.95100085207758,1.00383545925947
1.03831872538651,0.954807703798647,1.01086313168158
0.972035297499693,1.02743435177593,1.00825541439459
0.96207480991324,1.03951017888816,1.00940764676888
1.06275137989215,0.930169378301371,0.997591943109233
0.930657096744555,1.06300770599268,0.989504858008092
0.997212112884069,1.0056749541296,0.992171550152532
1.08833153965862,0.91505582596351,1.00450780722335
0.939291226102798,1.07244873648121,1.00733493006845
0.965266637786247,1.02240166044104,1.0112701008429
1.05482556512823,0.97169139316442,1.00518973607751
1.03084506610968,0.962042352027224,1.00470510191841
0.959046668440907,1.0450742670214,1.00776517919258
1.04026434021248,0.971789105755599,1.00896485183854
1.03111101906493,0.968139449005009,1.01436226842051
1.07157617897734,0.914838753850087,0.986758485969828
1.04239829995829,0.96467254262221,1.00316638180148
1.01493650767759,0.989513658265576,0.993756319768335
1.01222932365007,0.963634167156667,1.01356018446321
0.988595408613939,0.983558829204398,1.00136170487014
0.972136404660863,1.02735632918684,0.995895371379986
0.994026806975147,1.01970104655585,1.00182803546528
1.01810277911101,0.989742428607983,0.996279000984302
1.05500280477152,0.939269765212328,0.998640199595215
1.05314660653552,0.934238335062731,0.982631207404427
0.950116430352068,1.05394413047424,1.00672714945724
0.951272015467568,1.04868199275143,1.00801020528615
0.96927532921271,1.04101400936597,0.983236023469638
1.04206309773676,0.960646140163026,1.00880892203377
0.986010622280193,1.02141978855866,1.00700249922319
0.982760688205468,1.02836356795004,0.995185992604562
0.983272489678556,1.01376052766416,1.01719491491256
0.976714625218581,1.01323017975822,0.998466544798222
0.915842226034925,1.0824758019965,0.99297339379635
1.05330534416929,0.970085864498227,1.0093044135003
1.00779380350815,0.976130217182151,1.01132664121644
1.04573892228085,0.955828063302531,1.00709377858779
0.863393760257477,1.1130440953778,0.998052541318422
1.01924773243405,0.976564335152714,0.998015653589451
1.00550594425705,1.00519856747884,0.990193045446405
0.945186932635771,1.06930972081196,1.00101525690667
0.994437383627679,1.00865359496474,1.00462404529988
0.981444317195559,1.02537228586091,1.01573384000181
0.920443673937404,1.04365250406471,1.00021432399113
0.960171487143566,1.0231317101488,1.02296298867032
0.986465770805032,1.02137914752009,1.00924415669068
1.00239051908727,0.991651553011926,0.990738705834721
1.05230437234699,0.958685112452369,1.01719528997717
0.964231181021468,1.01061347389431,0.980751300405954
0.956619091113427,1.04947193349721,0.984298481817212
0.991039314004082,1.03504400098941,1.00493023589171
1.02227831477735,0.985348154671647,0.988271539644084
1.03693306858142,0.964882279610052,0.987998360706002
1.09146377927293,0.897847713208993,1.01372246218507
1.08053668282114,0.914012025167611,1.00509083851346
0.940836703747266,1.06340112636106,0.985891934789037
0.916308821926779,1.07693038379457,0.992964533271224
0.965441937889884,1.01029081236668,1.01529989404735
1.07797679809122,0.951245768960812,0.99173397868836
1.0371762486563,0.955792753130107,0.993102696976344
1.01203883707285,0.991687432564961,1.00468088686013
0.975346333444459,1.03307056814575,0.994534519726025
1.06427989164501,0.927526539039388,1.00506257506233
0.900897917664401,1.07129254507745,0.987812781599264
0.953065533313515,1.03055268724213,0.987814488481884
0.979624351812435,1.01843190506454,1.02387536886501
0.982336760479463,1.00277287402241,1.00745415084497
1.02908097017786,0.972629517689713,1.01059474838616
0.976303136955765,1.02393208003941,0.99820822740527
1.11299960981922,0.894159977754294,0.995424703349803
0.945077110408018,1.05939702995764,0.996251595591527
0.97278826645895,1.0190933389147,0.999499245431097
0.955808910431516,1.03821177512183,1.00538675969004
1.03746612569965,0.99375301038934,1.0063194764629
0.973119870235924,1.02375931160663,1.01750185694517
1.12879535701236,0.871049862176237,1.01759061824416
0.935253032082498,1.07899379819457,0.998427235986876
1.04761277018205,0.976353714250565,1.00827573829331
0.949214432521725,1.01622373897431,1.02045345827628
0.989197384782906,1.02204265761272,1.01493874939075
1.02704075633375,0.974773156434967,0.991658882265736
1.07414145118765,0.926546825730719,1.00540733343406
0.883558725180714,1.1386159431732,0.996248766852696
0.967750709125757,1.03653069842189,0.988422490137905
1.11343293607872,0.910623910329111,1.01289143987642
1.01323211438162,0.976342000494945,1.0052335749605
0.966242027188744,1.02590377280531,1.00419444453214
0.971775097854829,1.0111936771847,1.00431284611387
1.02366517951187,0.983110944590062,1.00260255184677
0.95354275422888,1.04148252893014,0.993995633600822
1.1289133437755,0.865312204177023,1.00491821720639
1.01438088777117,0.99719792928074,1.00412382106766
0.955808625551479,1.03546603518504,1.02299798642577
1.02287403051633,0.966186446275602,0.995477358498087
1.08368579020816,0.933414482026341,0.989686563623702
0.966630840158167,1.05669148350485,0.975387813266169
1.03580866583434,0.977168446840926,0.984448681032005
1.01618420613015,1.00891822312319,0.981257031990146
1.0966798832186,0.880186030700196,0.992776048008893
1.00316331045668,0.986643562147023,0.987922611650704
1.00721202486501,0.973535228924116,1.00217876034902
1.0397706590772,0.96934776384962,0.992000714233193
0.932356927122155,1.08367212725487,0.993102668104187
0.919661351889457,1.07972327756592,1.00528229990112
0.954053531661178,1.03688977581423,0.998387938355813
0.994520322624374,1.01159578240505,0.993519036465729
1.01781692453089,0.978476269637364,0.987178700756362
1.0148187059657,0.994023124567593,1.00063310731364
0.937951915298923,1.07185714000014,1.00906436847937
0.995512454677297,1.00911812410976,1.01030411790411
0.979199908188422,1.02167078880954,0.999697432706541
0.987467715718976,1.01276739483653,0.992774221379345
0.915279392943087,1.06907675426016,0.994147935309364
0.978774535129252,1.03348380730692,0.990800940094948
1.01013948477123,1.00566858086633,0.995752351824869
1.03529393242334,0.955267394179442,1.00198911211176
1.0082387767052,0.981171865248567,0.9905872106349
0.905378944137642,1.12451446855596,0.984959550589688
1.03134448752625,0.966779190163897,1.00133140581452
0.950583349302409,1.06366617158091,0.983775049752363
1.1186233455757,0.921389540817875,0.988444983906866
1.09303375011576,0.905763445836478,1.0162806870047
1.01427916047882,0.966150674463411,0.987699870096729
0.990328048242337,0.988889759328546,0.999416096275727
0.950370522113867,1.05513424039382,1.01676351606211
1.07673794856306,0.904216122834586,0.983669079876633
0.950291729986752,1.02079423625469,0.99777122071119
0.967808527896275,1.0639184726166,0.991628857613495
0.860168288531915,1.13172910874038,1.01718663135146
0.987664615236432,1.00196247270098,0.988396279345644
1.03766206638377,0.972692479821084,1.00397465411295
0.883224196595646,1.11822881995206,1.00164498870901
1.06182601825323,0.956613170775207,0.999703327391002
1.07562830615356,0.932685188735832,1.00176230503742
0.972471189231048,1.01871614047939,0.997821251260498
0.996891027537237,1.03133347536911,0.990619963426868
1.02243039009224,0.96583094178343,0.996678160457194
1.13710752055927,0.857243367088927,0.999834618203636
1.13085053557847,0.88411578173423,1.00991356548309
1.01806357130413,1.00875940296296,1.00963975606205
1.05624556723796,0.95254217500538,0.978690834997553
0.972138322182128,1.02811120367947,0.994182081425345
0.989851115939002,1.00820890466044,1.00816820141165
1.03594110663191,0.966642135467019,1.00436561948626
0.980717362085828,1.01934685183059,1.00289701521364
1.1154731357763,0.903487496980407,0.993632989692397
0.996508912706804,1.01070999931297,0.995118190757044
0.954611993751741,1.04992278535309,0.990698618726555
0.983329354664977,0.997750509412934,0.986863828192007
1.00981462293822,0.991946678132332,1.0107713291284
0.945502156273491,1.05484391055956,1.00288386189735
0.962244392355734,1.04096610761591,0.996060017122035
1.02247480819182,0.973926650203409,1.00539764224793
1.05030821427554,0.950470959680929,0.987867876329184
0.934711713683937,1.06151555532385,1.00602534066137
0.925705563395194,1.07973636432177,1.01453096581208
1.06593134887056,0.928953913271669,0.998562135906294
0.99559666184786,1.00929393345673,0.986751753248629
0.993169140613933,0.991664766397277,1.00508207048533
1.07685850853498,0.925585292379322,1.00128595986946
0.888631330214382,1.084545144916,1.01169905585668
0.938181792820396,1.05420833707354,1.00299244249447
1.01289858838207,0.979682833387189,1.0043259279938
1.00974922395952,0.978453834866368,1.00074954712232
1.03304146302919,0.975261612727088,1.01216862690153
1.03056302998251,0.972874695751438,1.01655617449403
0.991122345739712,0.988717489425598,0.991289534460878
1.03071060083399,0.973923402128227,1.0157487303809
1.00947912249928,0.999556118801355,0.993018036018191
1.02568453809163,0.970273986178028,1.00304181432661
1.0343215010904,0.961572900478652,0.989257447709887
1.01831447375509,0.977440711783857,0.990849223783309
0.960376172223823,1.03370097503655,1.02008671346354
0.967782399508756,1.03066578341622,0.993069382173604
1.03671852256047,0.960523259781775,0.986180785257728
0.948244076156984,1.05059214507886,0.995411583007358
1.07599968500431,0.893847546822429,0.991812306972987
1.04784077675203,0.947988004842429,0.995307711549935
0.984579986848577,0.989904740552002,1.01101635065331
1.01866464760179,0.987550457043142,1.02333700202634
1.06549828664152,0.965240303118184,1.0051034743748
1.02432165115828,0.982579796330272,1.00319953135249
1.03825357536115,0.954316447543659,1.02664820905987
0.992155757191495,1.00296083775822,0.981768806824202
0.89419352572041,1.10428712725306,1.004373064852
1.02915648487737,0.969694740502486,0.99050296187834
1.0441817391611,0.964546391439541,1.01139031418747
0.972885788906784,1.04006998945842,1.00610154421737
1.01445719887501,0.984181135383933,0.990184190209429
0.940525594695063,1.06387335109901,1.00094994500823
1.01437498526539,0.976099648211496,1.02104776776965
0.942621305355759,1.05237051785524,0.998269560178395
0.973555826300402,1.03294840978259,0.982019640885241
0.965853233558283,1.02021855512025,1.01216395801836
1.02556306756191,0.952553415861489,1.00707958242927
0.971733070855904,1.03433634888493,0.996447343693238
1.07262253045502,0.916201550068341,0.99779066673779
1.07179311214478,0.916776780655398,1.001637008855
1.0466849166971,0.981425753784875,1.00009009762417
0.961849763671315,1.04428371373218,0.993608506799128
0.956845228507609,1.05564251294411,1.00411134073073
1.12911171696767,0.88140141539963,1.00575242038985
1.02915158368451,0.980404181979139,1.0040626382918
1.0153318880463,0.972203613847255,1.00324043656312
0.952342745462038,1.03856635795069,1.00208383957185
0.917849921914284,1.0641052044825,1.00123070004427
1.04552428811683,1.00025672263846,1.01071292062138
0.971384759882112,1.0426235244377,0.99876659918604
0.975958745169876,1.04083659864312,1.0109323471816
0.983655908132346,1.01897129551188,0.992925456854654
0.947635492153236,1.04197042967712,0.998795119218255
1.0571268195678,0.926607726832173,0.989030277254967
0.975847585371161,1.02173093188773,1.00915575650212
0.942931918179975,1.04155663336867,1.00487779635233
1.0731418130351,0.912012146938294,0.988656112148485
0.961966939872786,1.05750977701253,0.998663624415537
0.97436490617922,1.01025417860564,0.999075223506859
0.957972223549682,1.0285340351458,1.01148426354218
0.935839219341372,1.08093142374135,0.984393840849989
1.02425827863813,0.980626852899135,1.00440681587629
1.08865349343249,0.910870451559717,0.995877020986892
0.970245549904009,1.01422431018019,0.998528458505891
0.986396972373678,1.04143538037872,0.99420940721387
0.915178377351123,1.08459728337264,1.00096629452721
0.959347056328824,1.0354190734402,1.00441799685762
0.99288485503594,0.995815983019317,0.993777102450339
1.02000515015829,0.954064105627261,0.996534713972481
1.00750689572621,1.00433802876925,0.989510381203303
0.978609052637941,1.04765835042275,0.99443814196179
1.00957885774448,0.98688653812386,1.00407325009615
0.898316030699952,1.11725070682497,1.00550394800804
1.03734619282689,0.983583105229936,1.01025715426452
1.04201002075927,0.943447568842234,0.987467326189696
1.0513955968017,0.946934027325337,1.00134168621427
1.06906826379616,0.918675126132979,1.00406867863852
1.08359839072968,0.916792110848748,0.999426320257011
1.11262852927805,0.894539628183984,1.00127287563697
1.02472637727058,0.987448176277127,0.99102905521638
1.06793886002444,0.920760731796098,1.00535194316961
0.928608319961633,1.0919887746749,1.00078859827113
1.01624974541266,0.99545171043258,1.00940633052474
1.087426615614,0.902448207831357,0.977221019665259
0.913976553058141,1.09394549706428,0.998588454529062
1.03899468808772,0.951904927167098,1.00079926603786
1.09138804189133,0.905702094324377,0.994237310057345
0.973352956214383,1.0356548517609,0.993317363017263
0.976285204259998,0.984183519027613,0.990931201659342
1.02062603054191,0.997460477997932,1.00783629951969
0.963856243860573,1.04458885415332,0.989638566520926
1.01781717060058,0.960971598378848,0.980653248333597
1.05263927266841,0.941626509791968,0.989297030854879
1.03906441200607,0.964363772356423,1.00761893689598
1.04581816900963,0.958018887949788,0.997660302856892
1.00684026901422,0.979961991384657,0.993170974233202
1.05828891948515,0.960720413918368,1.00275868373957
1.03299114418949,0.960862057691658,1.00303645302824
1.09640875829267,0.901050358580697,1.00023357203251
0.993872838434133,0.982174807335581,0.988356782292276
0.950096536107274,1.03942280766619,1.0123163472225
1.0011501441155,0.953201149631885,0.993007664469461
1.03320353432207,0.950500224149159,0.994249905694365
0.928780472863703,1.06181339884991,0.983786444135989
0.934376943645287,1.08227008145921,0.991043889837674
0.935360988131369,1.07794771588268,0.998608096654034
1.06821052649285,0.934511659999784,1.01489004521978
0.993310100143609,1.00330901288555,0.993619585585211
1.04920217540484,0.959969479483717,0.974435431876776
0.924406798120451,1.08342468445231,0.997402556392395
0.955823332910755,1.04048789235776,0.995010222985388
1.02627186603295,0.999957348159585,1.02498709116788
0.995882152142939,1.00437585623713,0.997945853142129
1.03542802091646,0.947098931157988,1.00022832617724
0.98987065168193,1.02485481775564,0.998515418873061
1.01478983077128,0.967057905357157,0.999785854537065
0.907916316279481,1.05106239846358,0.999140997858281
1.05241208620868,0.953125331730857,1.00338882993456
1.11099160189911,0.889134341617792,0.995971505439698
1.02234780290088,0.963448484238481,0.988731762188027
1.00057550292098,0.9976233380711,1.00370861668687
1.00210544103907,0.985510496147244,0.991480269934461
0.944691297792711,1.08303063436553,0.991618055397241
0.976076127353754,1.00405425940851,0.998187399436882
1.02477163411813,1.00519266753274,0.975769957355326
1.0175506934524,0.973922197396032,1.00371828407221
0.945441022608606,1.02895755650837,1.011131779009
1.01027828824954,0.967267918836599,0.983901949099746
1.10925369354394,0.910420046349938,0.99243377552372
1.02235550188133,0.979658822540301,1.01166982473294
0.869644200824505,1.11668993842807,1.00332162616127
0.993966496761548,1.02816066044851,1.00798633647983
0.995514246569484,0.99772708563013,0.999238785592448
0.995176946669391,1.00910817361832,0.987950976189613
0.964939988743615,1.02951262589597,0.988348801341241
0.964370659232262,1.02134844374878,1.00823665069618
1.00350536388767,0.998979815945128,0.996500601655988
1.01966812248242,0.975473042799947,0.97463586699596
1.03828603671991,0.980909428511721,1.00498352826535
1.04280288401307,0.969850313310923,1.00399594104595
1.04238708261778,0.938179814794176,0.997796179055388
0.958983193508713,1.01770360545205,1.02162961811991
1.0001055006313,1.0038763798149,1.00133534246451
0.932776626505184,1.06195117942983,0.997617023320302
1.00667335813591,0.993445919177313,0.995077352914372
0.975187747405708,1.02010217467078,1.00743349679301
0.937540002411283,1.08403000090931,1.0102844711501
0.988996952695675,1.01334715826471,0.995765811628692
0.893826869032176,1.09953321674241,1.00365180265845
0.988309071854966,0.998349521947157,1.00792573789314
0.961262576557502,1.04341153549496,0.989315278265442
1.00015979347367,0.989615013462501,1.01411777236134
1.09522204357159,0.910803823124815,1.02293450090611
1.0578466349882,0.934377398402089,0.990583716761754
1.0227362629151,0.96299758140228,1.00009748234171
0.980623796035566,1.01940854705332,1.0050094510106
1.05564162641838,0.93744420378935,1.01056270123722
1.00398311080665,1.00813802814192,0.997454940524976
1.00901050822846,0.974941867472947,1.012752096102
1.02788710221948,0.995754581420439,0.992097684142416
0.9603639236433,1.03804265936554,0.995804173568312
0.985381972749449,1.01531656711053,0.995963226627893
0.981844290566605,1.0069494174134,0.989731901141761
0.973741975746128,1.00385480943851,0.987088733609865
1.02480602952393,0.999866775683838,1.01211905276058
1.03726369351075,0.974108805730613,0.991978136647805
1.00577202769621,0.988118580847572,0.996895804931497
0.989658291942306,1.00711563708105,0.998474665662564
0.962151964970724,1.04105799334799,1.00572898251533
1.0163638680881,0.967628709665719,1.00158292934777
0.896190540063279,1.08707521953118,1.00412762503514
0.942346435228763,1.0567952324767,1.0015752054733
1.042121801407,0.971013723882556,1.01375078976963
0.968934697684128,1.03135444322503,1.0035260976643
0.94285974563333,1.04311329668152,1.00987180052903
1.01343244673724,0.966889221050272,1.0064434323109
0.945868172285289,1.03512523873769,1.00381290608638
0.993116436401295,1.00365338966901,1.00910701640821
0.98483661456921,1.01385550318231,0.998293367257405
1.07510365876158,0.936981671394015,1.01058808731826
1.02573752884692,0.973610010771817,0.99659256653879
1.07606397915695,0.912062497911997,1.00881182586117
0.984443115995886,1.04525910287445,1.0156666803274
1.03341912296737,0.990650627164058,1.022670905997
1.04572278102506,0.95656166853587,0.994763978279241
0.972499492894098,1.03172637393579,1.00049547989045
1.01780689207407,0.97119330062424,0.996588195574493
1.05297330466576,0.954122265492787,0.992790026484108
0.926899540355427,1.08653950276544,1.00995943931375
0.96676259609251,1.04128040237494,0.992821334414197
0.99424582652287,0.997731926424934,1.00640044156899
1.00252007539009,0.993185421321183,0.988408251741162
1.04070617313638,0.992855417791657,1.02030386921662
0.963877955453905,1.04344675425781,0.989588081100732
0.979819096610882,1.03769741911659,0.990478744205757
1.1173302734638,0.875932915842715,1.00328381056007
1.04363559478909,0.990478974447032,0.987032080031524
1.0865207778343,0.925601129938371,1.00853500942025
0.961123194692718,1.04478550660085,0.97874981292917
0.969489424573828,1.06532516212709,1.00236739705463
1.06200466954741,0.916995500929606,0.996655041906448
1.03262723106233,0.974471505875088,1.02066516750739
0.991606760515976,0.999240293303948,1.00503997949233
1.01347924873466,1.00140555289588,0.999882765557021
0.923210885677701,1.09997125457806,1.00327711729783
0.995155804063908,0.99963960692393,0.982315857715243
1.02906409192532,0.960785507439412,1.00649153245538
1.00560674825896,0.991626353536424,0.997759931747974
0.943438591003612,1.05015247796392,0.99029939259007
0.925077720266294,1.07345094068032,1.01013688135092
1.02107368193143,0.971512301689422,1.01794979477593
0.992645341465043,1.00100062276382,1.00149691440364
1.00981372748211,0.968351588222248,1.00104071519396
0.976030753700754,1.03019027129175,1.00498479726985
1.03484701883535,0.980992377470804,0.979590512267994
1.06633014602908,0.934492718822107,1.00139923731294
1.02120586332545,0.987078294041781,1.01820102361509
1.00470541565262,0.978982236396949,0.988231051418405
0.949640023834067,1.06684118281921,0.99681301359585
0.932895439375829,1.06876590052368,1.01309669214489
1.04197680776635,0.960734957667076,0.988071865102261
1.01073628923971,0.986428004754451,0.998454425277382
0.927511622549804,1.07097812919271,0.986119904715314
1.09544701435226,0.903571048730438,0.987020343794732
0.985221621953767,0.993910862562806,0.997081108719765
1.01164443752216,0.970578742079762,0.999274088781353
0.960833990681869,1.04621289800544,0.976452923658097
0.957113607859314,1.06412262945359,0.993240071249629
1.06863299565403,0.929180069861376,1.01831473316525
1.08604992653792,0.90711640268353,0.993381415254577
0.993326219427022,0.982429786128212,1.00370353900182
0.975297277850432,1.0161750696418,0.987462683835825
1.03163960432723,0.963443527530002,0.994212281801328
1.04575063904983,0.961244418398286,0.986526356900456
0.941372637026256,1.06306813061985,0.996696942023159
1.04578134209567,0.9772348274492,1.00267948930125
1.07173372217115,0.926262741292893,1.01583012406535
0.989963451692835,0.991075788884665,1.01721747913145
1.04347494888642,0.98534173883398,1.00460521801715
1.08462259322411,0.912207142466761,0.999122468884873
1.12205429840581,0.850971535438836,0.975430429563002
0.930573037181882,1.06795646168548,0.979287377776456
1.05000473403407,0.945863332401575,0.977469763463078
0.984701811368318,0.994274397068076,0.998441207205201
1.02622093116108,0.971628143180806,0.996668671359757
0.986036746348661,1.01047016793419,1.01405484402913
1.05065865409649,0.983496384754985,0.993866179809656
0.988774596691779,1.02122041161513,1.00233571978187
0.973447841273557,1.03991978603906,0.985879234869703
1.00236843598475,0.968802467875825,0.975035171284433
1.02849950878218,0.991083505696192,1.01144783211085
1.04221143040209,0.956983142023378,1.00199667111369
0.975790460799612,1.01803207770607,1.00180141960907
0.915718199113215,1.0809662205179,1.01482018376212
0.99319384176188,1.00391876447055,1.00711397384128
0.971831370367523,1.00492098525992,1.00472693656933
1.04277869339542,0.953073208183354,0.999375381350012
1.04737833254004,0.954810803038832,0.987526923380184
1.01162643727832,0.978483108754138,0.983780524601889
1.00725020622649,0.980213359935363,0.999027856913925
0.986558360656651,1.02503521600949,0.989227523659171
1.05168789315391,0.945559370195629,1.0014917808137
1.04054870858647,0.963472583332977,0.988406571872008
0.920415792210812,1.05597096032048,0.988206436236958
1.04693260394025,0.962345866793099,0.997906151525044
0.890705947260561,1.1072157556484,0.989163290329476
1.01421986173569,0.975236347788379,1.00962419462383
1.05967183295982,0.944336413800317,0.995568255653857
1.02106049036533,0.959350438811744,0.998463928527022
0.888224623242049,1.10100782998506,0.999433635834383
0.921562941146796,1.08883671528101,1.00683213136439
1.07315426183996,0.917633827330284,0.99197638654269
0.952564196153671,1.05911166441183,0.992091974279496
0.986823871313416,1.03656636521602,0.994957692565287
1.00159317465511,1.01050862398536,0.989427944248727
1.0017232173932,1.00316065881348,1.00713610214549
0.981802584123253,1.00501396621402,1.00976893293642
0.974512689559641,1.02407403663878,1.01168119219646
1.13553236384365,0.829553545055786,0.985568243294054
0.850956206935082,1.14428049692872,1.00758703468861
0.990937003185668,1.01596932572352,0.993922485286144
0.970137978832567,1.00633445386586,1.00710114793237
0.971179098158792,1.04415783299225,1.00599729245543
1.00895538374864,1.00219292476349,0.994748249469241
1.04170009974299,0.967278001742572,1.03205641940356
0.838057411274744,1.16470703366841,0.975297948558734
1.01713549835923,0.982507554816056,0.996980978929341
0.91640069665307,1.06455360826838,0.996945371456931
0.939639439916379,1.06001440185166,0.999264506694266
1.03756609202196,0.944771029442548,1.00422422424977
1.06077338244418,0.92900574419005,1.00926238594637
0.962921660039212,1.01973210491996,1.00726278082375
1.03723049936213,0.987015042304777,1.00403758385059
1.03861857863315,0.951271056744026,1.02018587958856
0.957664022068004,1.06641586638651,0.99773210473056
0.988646596192505,1.0197065536073,1.01102784694449
0.960327533886447,1.04257679495962,0.989005692458039
1.11002972695023,0.887585706388675,0.991173946817951
1.0423120480165,0.955980430593791,0.969188667107124
1.00509819700619,0.994207699122543,0.992454863445484
0.968122304238861,1.0627418466175,1.01668357440151
1.01090750914259,0.99801810786763,0.99209743463565
1.02172491482543,0.956810765385637,0.995526330236939
0.95073633416264,1.02649033634873,0.997584995545251
0.993479084626281,1.01811129418729,1.00059017383065
1.05544476015887,0.944674534538807,0.997237892761456
1.03302735248358,0.991471557763651,0.997197573021105
0.990338561521214,0.997764420256246,0.97838664558364
0.998504604389215,1.01682482038789,0.987773798487953
1.15571526839914,0.868422154582463,1.0148356474459
1.04318920919471,0.951956187141579,0.985371456930523
1.00002798336378,0.975538615703623,0.994639416591885
0.980449716888831,0.994209179619388,1.00231878890547
0.952564322605897,1.08380282563175,1.00399063919134
0.991971254040649,1.01943950798759,0.987153288257567
1.01083913865354,0.992160275412462,1.02295951060514
0.95310441881189,1.05074614222334,0.991885499535597
0.971007608422343,1.04565489132133,0.993149884291812
1.10898380854181,0.888566100803948,0.998819952487382
1.01589694039125,0.991646732907974,1.00629831927647
1.00386816680751,0.981400282898969,1.017371746268
1.02555961514194,0.957617272812312,1.00179898738823
0.885187356537952,1.09833503919407,0.997597528698584
1.09363101962215,0.914332335673701,1.0025926580814
1.01357472509736,0.981046203259042,1.00677607082389
1.07545894072352,0.898770757671594,0.984398999342736
1.02438773696668,0.987249329639002,0.995504032535835
1.03116441429425,0.982123515602478,0.9994164097242
0.96924587559518,1.02664781880447,0.978254455709319
1.08784219898348,0.912876641476292,1.01109987070737
0.91016238033103,1.08692882523823,1.01301281207518
1.03751311836301,0.965506757427171,0.983491937659486
0.98539208158479,1.02443450158671,1.00069890520827
1.04588756311778,0.951526326720495,1.00282739538039
0.982233295971585,1.03286783996507,1.00945796399162
0.977828995229745,1.04615537585211,1.00049631147822
1.01477304191857,1.00007477915601,1.00278868856317
1.03651323222165,0.965476360153328,1.0070100667528
0.922962154413417,1.07783268044025,1.00237225143252
0.958930448845837,1.02280467963724,1.00052338464016
0.939973573387069,1.05544324826943,0.995533098838382
1.00145329198513,1.00165053637635,1.0152635614599
1.01589471388008,0.983276443387038,0.998134443064016
1.04762888049846,0.957835224112281,1.00084716261972
0.9761733264581,1.02668846928179,1.01024576323977
1.06039471304617,0.928861118647897,0.98984235909343
0.997174146897914,1.01288254701181,0.99819926651569
1.03854848642235,0.9766636848959,0.982906628966405
0.921936730881759,1.07060884266186,0.999691346035159
1.08886862044757,0.920181574323358,1.00708055449743
0.969773370624364,1.02757646460352,1.00347675521362
1.00815093608253,1.02472895927573,1.00709855205
0.930921259261013,1.03015590444905,0.994280098738909
0.943044330544971,1.05677282936857,0.994311671866845
0.951850789644397,1.06197136739313,0.997963630803947
1.01384131564146,0.983092254358979,0.986333877334832
1.03410179802158,0.983492597004685,0.990394993656452
0.993050335820972,1.00950383462701,0.991350557191888
1.07326607337285,0.926633047802329,1.00042855589575
0.914010414489994,1.09283762506478,1.00491003685833
0.960371360886337,1.04665860049302,0.995365709525233
1.09205491222323,0.894704816847878,1.0065950781075
1.01974754189563,0.977494635898494,0.985508372842464
1.13225404283211,0.87671403087299,0.994806081885138
0.994245133181897,0.990452394885103,1.0124010652389
1.07663356427608,0.922314262334301,1.00470319123911
0.973792591232586,1.03818195843149,1.00527592653386
1.00531219188781,1.00008811475021,1.00050140797752
0.973346315920733,1.04507203195912,1.01241548281675
0.998785344647358,1.0042414970788,0.989924322954976
0.958508984656799,1.03593745992244,0.987934726852813
0.989922008127531,1.00948334795836,1.00022961117213
0.909595760084609,1.09916330848643,0.994266332311693
0.97994958920295,1.0160685857923,1.00291376008885
1.02970937600701,0.979519641927158,1.00446488832278
0.993426276516127,1.00650644659425,1.00078318604682
1.03256011800066,0.964737055391607,1.01296328042913
0.96988279684237,1.03187500102341,1.00300999710346
0.987945143696165,1.02327992177376,1.00332270723906
0.957458550774438,1.02931471006457,1.00470362138036
0.925684272367162,1.07925537170989,0.987864762637755
1.00705648658089,0.993952518767244,0.986649018403589
1.0705624189225,0.914626066530986,1.01304256846242
1.00607477308267,1.0100858413152,1.01453378577316
1.00946394806892,1.00864892112639,0.998824075994403
0.976621400405459,1.01095135753393,0.99480036122406
1.04219563422778,0.93946648298498,0.995396616510665
0.9914764282162,1.00464491593036,1.01347383494222
0.962552984589191,1.06729843045549,1.01037196969568
1.0454758946313,0.942190825636028,1.00315076832495
1.03421209586085,0.991444902293741,1.00971652433893
1.12933180999343,0.884505186113427,1.02044622717975
1.01174664767002,0.988218159729174,1.0063356183049
1.06748948083782,0.929160560265236,1.00183552773304
1.04923132626987,0.971271451711537,0.99519700443774
0.861080981385186,1.14519545163843,1.00288837507322
0.986227257223576,1.00167695533444,0.999203709638139
0.926544659263588,1.08358126156471,0.994447655623845
0.958279825627574,1.04086750292076,0.993414882431469
0.957218198930414,1.07302824935449,0.998577807096358
0.863641703989378,1.1475242130688,1.00051074180698
1.02389466968186,0.98216601735977,1.00087599859259
0.940469150375913,1.06718128412537,1.01055159951875
1.03226226546455,0.961817163820354,0.999284796549301
0.988406094634356,1.04232338558031,0.980608713733155
1.06205704412724,0.918834814305713,0.989685913114601
1.09939286528512,0.914703798362088,0.991685150011583
1.05411010523085,0.927650965110786,0.977993587033783
0.996861717922491,0.99848200002971,1.01180210939961
1.01173761627861,0.997940392050107,0.998902695772045
1.03293258507409,0.952120030416743,0.994733089457641
0.959861948590749,1.0671381139761,1.00414561060116
1.01860900148662,0.94791469015007,0.977323113419812
0.911159663413962,1.03110724353658,1.00481882831562
0.96949127027295,1.01609552956012,1.00542938535752
1.05860232142301,0.925370415003988,0.988324805971465
0.997176172427843,0.999312489719108,0.994485788102209
0.932694368294972,1.06513810913015,0.996117586197165
0.994515233523858,1.02132110482821,1.00321863701567
1.09016815541354,0.900489710794735,1.01756680566046
0.887698218447795,1.10861449677413,1.00119637347239
1.03248895438666,0.984684254056134,0.986708334633287
0.950097868188644,1.07301007645355,0.990438986743571
0.975850616138003,1.03796235409564,1.00810246411868
0.982321723099667,1.04282658466349,1.00455679875788
1.01089679788967,0.975759619328209,1.00250507142111
1.05378438411708,0.957771065242628,0.975638839955426
1.03239177708804,0.981955177396621,1.00285000624819
0.999507302631487,0.997125710833011,0.989203966385295
0.994123688523212,1.00146619425314,1.0141040141311
0.961818227841388,1.05670560857065,1.00182464171537
0.971425842091134,1.02336767961074,1.01067337733668
0.984945736214933,1.04077345250964,1.01048663957435
1.03047922887403,0.976354175977625,0.991492520236456
0.891505819194556,1.10886092666628,1.0021623151748
0.975688062851121,1.01513343111483,0.999333464106071
0.978267051476809,1.02835071773517,0.986138403491533
1.01567487208594,0.994692650860339,0.998181440606955
1.00757531681739,0.990969126557986,1.00631053037449
1.03553018327564,0.945311296334912,1.00171362929288
0.921794917885087,1.04511743897828,0.98154591152961
0.985098058852163,1.01874857744292,1.01302848934527
0.999609918112381,0.980844936420724,0.982063846959259
0.968171217712958,1.00136623273895,0.994062626780346
1.01617344966522,0.999433954191735,0.997470502805846
1.02530504826594,0.969026561808854,0.994812455402375
0.991067653569068,0.993820335812154,1.00712971804425
0.939673316357855,1.05818400895885,0.999073356731456
1.08922397656568,0.919065583784286,1.0087777966733
1.01615475335944,0.977051168349918,1.00815584796583
1.00605993861112,1.01432373459272,1.01817743860695
1.00252459152045,0.998573634961343,1.00957366963769
0.859517791697792,1.11632820372052,0.997578305169922
1.02894160350915,0.974812393894367,0.990507165035257
1.05308571674611,0.955458393423104,0.998426186160083
0.990093077163775,0.978073635691293,0.976570705859399
1.08881351231174,0.906372052626301,0.996739685694402
1.04148809969652,0.95562184797199,1.00380433662113
1.07310184548225,0.927249724017137,0.998174495644448
1.02530564042604,1.00074619048288,0.996621540298492
0.96600885063485,1.04506470114547,0.994547842586538
0.985601598124606,1.01209157751103,1.00276531453902
1.04275744142083,0.950460846303587,1.00218476674291
1.04635364119932,0.941601659889925,0.996092181317895
1.06351601326634,0.92836376691951,0.989551107094177
0.987765337048985,1.02189089547355,1.01017317908326
0.943282172479306,1.07070728695235,0.995593834803666
1.00600710992853,0.9950904593825,0.987748539431157
0.978085742648791,1.01918350144965,0.99775634769915
1.02544469129273,0.9961098794028,0.98751828511388
1.03335183473371,0.97552940485502,0.999609326880808
0.938441180857065,1.05357335504114,1.00128751307718
1.00755413343333,0.97242482332919,1.00356934364879
1.03882861543722,0.952533857421223,0.979897302339107
0.958312546068099,1.03283847613873,1.01978769449973
1.01506843600144,0.991984736553658,0.998929278337034
1.0447648275822,0.973255197649696,1.00018701241422
0.931831133787302,1.09165778053414,1.01909779065933
1.06696012225106,0.960673946378341,0.991207559535234
0.985804670331768,1.01137292725768,1.00753683570272
0.990412537939919,1.01892273525235,0.987481851113368
1.02186457156187,0.976853925710762,0.995483716892231
0.985481049980285,0.997256562393272,0.998862782200044
1.02309958310415,0.961085001485675,0.996643190292287
0.9542140149371,1.05151641060044,1.00414809165123
1.03185742546065,0.985530960234327,1.00799991435351
1.03582388256856,0.987930478972944,0.99249655504135
0.964899741518594,1.03180438258175,0.979804911459835
1.00848967138404,0.992350863874588,0.986065104149062
1.00343528183909,1.0065687056598,0.996028344514167
1.00941938091221,0.987331563762253,0.986520917568551
1.03312019948214,0.984976322713552,0.995158810701095
0.952147599793487,1.05358446299949,0.993147515857134
1.0114433392493,0.964801830769502,0.981056965367877
1.08892396252187,0.929810634810052,0.989220970684018
0.90990810108473,1.0948783737539,1.00861031182025
1.04369303775165,0.965557956772454,0.988914423105118
0.96843176737253,1.0463113140907,1.01900752318196
1.03108153748469,0.952629590836693,0.99203755626741
1.00528587416595,1.01034725953496,1.0144617325408
0.98022355298515,1.04550552039719,1.0262038004575
1.07353528040485,0.90959009546213,1.00901144847029
0.915889502201576,1.10218775111442,1.00098102768947
0.979341433439632,1.01291793589818,1.01151277065476
0.98389883839052,1.00563555157102,0.983361541950206
0.928626727798097,1.07372719347327,1.00072178475063
0.977109805026254,1.00231267380383,0.992650685624971
0.928500426269985,1.06935633001243,0.988413415872776
1.02493777578562,0.9938333470871,0.992975836218671
0.989813787261828,1.00805641667427,1.01019722373533
1.08244937594147,0.963240383600731,1.00129541921509
0.970218044561322,1.02742715737586,0.986709640679771
1.01004915032448,0.976707867396283,0.997026850231816
1.0023167618855,0.999427225528989,0.994508585978976
1.06545630847726,0.943189487977355,1.01307451463329
0.973478046785897,1.01849317827434,0.983160294891865
0.940219854569705,1.05853911839698,1.01053630949084
0.938417118499685,1.07015891331415,1.00260265107777
0.984492876832366,1.00577707364683,1.01948159127055
0.96807366824697,1.03930930339252,0.987341473080834
1.053648611061,0.950679776695702,1.00042389015012
1.02885457167044,0.981531103433887,0.995110794790779
0.998115610728099,1.00924837817278,1.00892190128406
1.02778193449351,0.93377656537589,1.00901862331695
0.987061213429069,1.02127720914219,1.01637238595232
0.923719338141367,1.06291578297755,0.988313668085245
1.04011942727891,0.954164589538826,1.01889199396218
0.9085170164648,1.08736916478489,0.999768905587426
0.947070203185075,1.04530408595892,1.00163097221592
0.953726474266729,1.04715941811437,1.00073508472965
0.918559142097198,1.06452463083945,1.00042558444238
0.994511143586749,1.00859618904424,1.01656767732236
1.01068050585799,0.995626086828233,1.01099729205183
0.982861177555459,1.01586079496838,1.00331740979959
1.00805070712123,1.00622784411979,1.00266963465971
0.949056871611153,1.09529622007732,1.00113084580719
1.02228170410003,0.982014769011792,1.00437427638338
0.98306502165373,1.00291532012141,1.01827407863728
1.07194211932437,0.941489778470567,1.0172000691091
1.04268377825084,0.964743091879929,1.01103672769366
0.979824455071099,1.01834699616097,1.00229980042383
1.01009268580342,0.974927688296391,0.994878945114326
0.996977119931994,1.01608912006148,0.994315125846618
1.01682402694454,0.987962003554884,0.983479648356929
1.01952339362566,0.986011778622684,1.00631482683526
1.02730466319959,0.967746060892994,1.00181400951236
1.0008295449372,0.984286800395104,0.998440707863262
1.05162921314533,0.94390858122003,1.01193790202277
0.969944524923708,1.03257366156759,0.98988516791991
0.92798608210153,1.07518920111808,1.0066367074516
1.07696619759648,0.929151941864035,1.00990096796646
1.01775533341779,0.979850022643396,1.01248982757896
1.04408806573522,0.919911660812703,1.00922954587726
0.880762014154633,1.1326567841349,1.00156887777796
0.953923610796709,1.02466394672799,1.00398536342732
1.01595162417012,0.967149393208187,1.00709897321631
0.890704642557902,1.12536102641601,0.998675494686676
0.890363556063177,1.12094382464365,0.99766053892389
0.966080808542327,1.01256764549561,1.00113412136374
1.04910041331314,0.950618758989644,1.00196830351416
0.989738792669836,1.02122630991734,1.00743440408991
1.00638787225636,0.973752415888493,0.992631486364976
0.951764870476726,1.01460239051066,1.00500253770853
1.0319896431583,0.973442494169784,0.989144483503689
1.18296781514291,0.83016356253382,0.998278593452701
0.964701298469947,1.03511101278603,1.00065370572303
0.940546302064001,1.06305844314684,0.99600269846369
1.03445953999225,0.98536438021977,1.01296135116166
0.927200011495294,1.06808210324932,1.0087807814575
0.991449948108376,1.00746130903414,0.996003137202905
1.0349388369027,0.968492890773199,1.00921590317505
0.995953442026287,1.00608408040369,0.988380937205974
1.05313240133085,0.955100046636469,0.989542816130884
1.07922693608973,0.919900246021589,1.00935985078883
0.99601260872534,0.997199421542568,1.01025333348196
0.955558424395777,1.04229546430541,0.979417383117965
0.979096370029573,1.0391582669819,1.00061210970123
1.04075915127261,0.958307315056613,0.986699354165836
1.03084701681042,0.979385427859847,1.00025869732899
0.926713853077207,1.06008302848709,0.987166002913483
0.951704032420663,1.03367583580295,1.00365145503141
0.891445062608708,1.11460934534971,1.00654155655441
1.05900443145984,0.960611904962342,0.998310166025466
1.09559665572812,0.903848271786625,1.00218972799199
0.883222505941248,1.12717821239012,0.998081618960486
1.00571413118501,1.02277924262788,1.00246235009501
1.05581169806851,0.9305183542809,0.982484639136245
0.948413694587436,1.0429819606106,1.00593602735992
1.03327111353331,0.972995573667408,1.00334430317016
0.960346359035664,1.04957576507426,0.985748840399552
1.01627901278323,0.972083641968324,0.980036412604907
0.949344782889358,1.04931067483621,1.01547432544475
1.0202869037878,0.987390312363173,0.97880593364733
0.974456989599515,1.01284155522791,0.985747925571085
0.96672838506115,1.03697983689349,1.00712184264934
1.0022093648054,0.977178014478541,1.0051748503089
1.00347744996554,1.00540355882786,0.978948880376722
0.988458940640563,0.985466300296212,0.995159064170491
1.05142575083948,0.946021601446812,1.00844723042439
1.01028851915303,0.984540912136609,1.00486794447099
1.02488848523765,0.981435422981655,1.00823637004971
1.032497903622,0.962331315759838,0.991678901119808
0.918037526301576,1.0806473749939,1.01446016512504
0.98746416539349,1.01638505746159,0.989910033717413
0.965983374050194,1.02743062711807,0.99149829210358
0.934636329758923,1.06448436326041,1.00305540963393
1.02283877538679,0.971998705243759,0.980018506527347
0.957978433659453,1.05214601521966,1.02376930054147
1.0244473965973,0.984441049990213,0.999865784840826
1.0210342838241,1.00030712359685,0.989515244642296
0.883037835208647,1.13313632432272,1.00613309948418
0.956642415349943,1.04153407376718,1.00426738295267
1.0011493535048,0.9849104623384,1.00474227228225
0.989971920026852,1.01768814248679,1.0157893857243
0.982470204575891,1.00019245527909,0.996591557340196
0.928752513631807,1.04842770376869,0.990072032216117
0.949617185898182,1.04390483818913,1.00946630002142
0.94443554973554,1.0514043160245,0.996397985446234
0.87146684902578,1.13783762840583,0.996830574123334
0.933990025224338,1.05953053561549,0.987166281110332
0.948396492949818,1.04699660122191,0.989727579457289
0.966909744932865,1.01793324012844,0.993060335480232
1.01016069808023,0.991831945477225,1.01207853399696
1.03040654518849,0.966645175706443,0.998796935329527
0.970619570260495,1.01681468835149,0.99649265311582
1.0060762778419,0.997278049450012,0.994530212135231
1.04103916814061,0.959747701609923,0.992079161787305
0.986271033496517,1.00750523561651,1.00651679521495
0.994519979391446,0.985644010561315,0.980636081559581
0.912694738649245,1.10541456354725,0.993551267365659
0.94454128163251,1.02670959177432,1.00486113417933
0.974534873828918,1.02254111759624,0.99235186905928
0.996237299138938,1.0171174776824,0.990995073679524
1.0283620990331,0.979553092388733,1.00182181721679
1.03610236088418,0.972706775965506,1.00094270130965
1.10705150119475,0.899092140012408,1.00772075641652
1.00014741967784,1.024223747803,1.01431570846854
0.981750841552768,1.02034122032676,1.0095332040233
1.01608363440983,0.980300884547176,1.05071000074755
0.914706714317011,1.1008828771302,0.98963554825777
1.02056232327525,0.980770399826333,0.998562560458641
0.949555431628969,1.05365415934552,0.9995951559955
0.959046634876515,1.05349824162729,0.995556148045569
0.945867409897076,1.0529646441473,1.00119269661182
1.03522180128927,0.953191149406943,0.99295952688205
1.04968551889244,0.961433211205521,0.980861914155775
0.955353423695054,1.04349827346674,1.00185893038445
0.923381730061222,1.06801721178381,1.00997669633274
0.986139809144359,1.01960376577086,1.0084134009536
0.949267995638971,1.05582108540063,1.01162536621408
0.963599799312761,1.03643427130277,1.0206881764817
0.938225821376747,1.07519509876888,1.00948129955663
1.08243545657597,0.951367280088071,1.01581591062328
1.06636243745965,0.939768116842407,1.0194682590522
0.984657217273106,1.01170091399773,1.00777191886278
0.98912884297964,1.01711185426369,0.984943571858334
0.870287075817738,1.12013691426093,0.986460061373691
0.95487735422369,1.04398089648742,0.992062796514573
1.14556051141235,0.85918129796635,1.01234966286002
0.993329752466003,1.01656683775773,0.993259028222142
1.0570802393675,0.957937263292018,0.998213983010142
1.00004223312452,1.00142448534884,1.00607512982366
0.97217959864591,1.00951283254873,0.991762158439088
0.991750053267222,1.00248898630036,0.997928840733904
0.999387200667323,1.02026196778544,0.999258035481135
1.008523262918,1.00303983007508,1.00967071959939
1.05629589745809,0.944953913321547,1.00091798264986
1.03413660503165,0.990171056734716,1.02049887808586
0.983983066886146,1.00195116203348,0.995045463107057
1.014378088446,1.00869665378795,1.00536417488433
0.988857508456883,1.0248182718611,0.99805246437826
1.03186601436291,0.958193737456824,1.00432016466626
1.04845865102818,0.931635200480982,0.994961961143987
1.03198699263051,0.972493011634531,0.994442573962036
1.05135149436416,0.922389762474144,0.995152198335292
0.957489205224241,1.05692330511539,1.00215049859031
1.02678942727557,0.969507863059501,0.981322831767776
0.985305474472367,1.03215002959369,0.990004707975584
0.936770728701571,1.04605667391194,0.985431290204236
1.10560148319935,0.892586499121904,1.00090967481504
0.901503681468234,1.09858191763318,0.988161171856204
1.06847009319086,0.944241550153321,0.983853757033206
0.994128369831776,0.999441847048906,0.998474958959567
1.01447868022936,0.98618468503273,0.999695868398128
1.07258676010224,0.930730768389351,1.0056070636526
1.06216235000498,0.929491773294355,1.0004448107567
0.995657016325948,1.00945245886633,0.999416813715498
0.93281359596589,1.07152516101912,0.97564309428571
1.01405080692159,0.995825176854318,1.00056910497336
1.01928157333331,0.979861522075937,1.00372710096018
0.936382688916502,1.0618000869823,0.992285793773725
0.941329537232113,1.03279606525569,0.995882871049999
1.03319760914582,0.953564983860904,1.01863699142433
1.12896013401235,0.860906214512882,0.991366892364988
1.0318450326084,0.978777751876244,0.981111062905014
1.01000547407012,0.978469555074752,1.00148658665571
0.947106633451253,1.0354655864497,0.991201583137434
0.93278884899043,1.08285099151522,0.986491891752153
0.973416094407523,1.02118751119006,0.992558517810463
1.09154556774955,0.902257290796886,0.975925302844472
0.956541270502043,1.02123400386805,1.00870498532791
1.01785065657963,0.985356487104029,1.00616746911547
1.07068339866218,0.916042131841957,1.00000818813476
1.03720941540341,0.950043340988664,0.99073751064207
1.11723206127501,0.862692907364181,1.00682270872194
0.956600377210771,1.03666394935186,0.985024107134858
1.05320393893819,0.942426830312249,1.00075713191683
0.983978106457433,1.02390139245876,0.998917079968516
0.980432511061011,1.01984115823041,0.998861698992062
1.06578169620589,0.959143230529468,0.994087181259124
0.959017585764623,1.04122799253736,1.00887177978072
0.96301202226324,1.03450647238579,1.00847076455685
1.08980922666276,0.902674249494774,1.00315320293996
1.03642584180704,0.958474077499155,1.00268010008932
1.01729778262976,0.981118664348528,1.00715389565004
0.891792036107107,1.07136038167199,1.0068142601359
0.986930122824347,0.996597886751978,1.00443268956073
1.02048145696629,0.979280024811786,1.00239387232443
0.874719177055623,1.12476275243358,0.979727202032018
0.954224614116961,1.03893382840398,0.994247672717004
1.02991530706409,0.96216707841993,1.0041504892783
1.00110771219313,1.00810002448205,1.01815823412544
0.948071844784404,1.08800206951218,0.995884964445283
1.07435438855488,0.916546922465057,0.995583914300961
0.966973396966725,1.01620807973299,1.00143228576954
0.992991898668464,1.02042552320669,1.00885411399768
0.972640443557483,1.01001653881284,1.02268101921529
0.985302492906991,1.04285345123104,1.00724725442108
0.975095824332333,1.00708946341431,0.990760200706629
1.03273412985111,0.96208491938294,0.99735565570168
0.947137756898329,1.04690034064905,0.986736058245591
1.0589362630527,0.946183948013776,0.996420371808205
0.987514139573276,1.00694414105952,0.996297448077567
1.06514624976382,0.93768330577269,0.983796337357318
0.964029369763866,1.01641108438771,0.984442227719068
1.03649318728912,0.933239553372664,0.995562683926552
0.919195502427401,1.07183015769643,0.984655508174867
0.950347064256522,1.04764695320295,0.98840078450679
1.1424253180582,0.886794881874629,0.992607550706548
0.861327577553028,1.13426964675237,1.01086183859347
0.982650060403451,1.03096323867887,1.00229006644351
0.970914818425305,1.0224072975578,0.997164762577042
1.05820129341639,0.930821035407029,0.993867891959506
1.01128322545745,0.98543707949264,1.00317057711859
1.02687496948785,0.998860525718452,0.994657694341951
0.989166452740166,0.991122775663604,1.00338527648962
0.968099964564169,1.02868754612624,1.00170024194378
1.04379184650992,0.955895297987692,0.990386820086805
1.00831557592056,0.974656795487395,0.994847626857748
0.972592671814846,1.01695013401299,1.00049275880308
1.03328775213721,0.947067920351916,0.99483744060085
0.972183431796654,1.02512138004944,1.00895573254107
0.969875815670361,1.04687335879916,0.990362381948197
0.999897959129557,1.0061831960931,1.00183411858446
1.07393893239731,0.952459061196763,1.01730470094899
0.998404453858233,0.99635290632281,0.98831774091646
1.06863501181495,0.925652540115484,1.01210156086449
0.961644622935953,1.05069808651669,0.998791122665159
1.05825175654018,0.938521577484342,0.983314540906977
1.04602324427923,0.990261451757996,0.997654182863116
1.06743216448265,0.912407251967937,1.0134763455508
0.946281737705863,1.05254569248829,1.00275027995877
0.967229762447746,1.02571334534245,0.98301691481702
0.962861865746537,1.02533484827248,0.999602317681571
0.988664991428696,1.0141757729839,1.01070317093429
0.951012729533456,1.03540150603672,0.996423792795711
1.04784582322897,0.967725856833497,0.997347909514549
0.970036621428614,1.03914217396393,1.00181451787567
1.05786660476494,0.937226485102325,0.99992108435505
0.988119777595088,0.982833288364444,1.00313984010001
0.973374850732668,1.00931184881009,1.005189599484
1.06927271066693,0.935058233152247,1.01566627708779
0.911614879715026,1.0995061800151,0.982081394238027
1.0436951953388,0.941801751683829,0.988171621504016
0.971055721318032,1.04784678095511,0.997129568840045
0.996065096765535,0.989621401949271,0.989294813641467
0.985349720361556,1.01762209570918,0.988324607593585
1.00635085524377,0.995739843772466,1.00772860681262
0.953251666456179,1.05118177840022,0.983270620399933
1.05777689600538,0.90337358348677,1.00034563179277
1.0225751447263,0.966500642189094,1.0218127644002
0.963901749076876,1.04254473311908,1.00321798880208
1.14393385726843,0.878677081191914,0.997703813205352
0.951500824966497,1.05340286508632,0.990551736871009
1.04449418002825,0.953952452793522,0.979071592983709
1.02722549025582,1.01168818464451,1.00005200423765
1.08061194134098,0.920554825380858,0.981773267460571
0.956391716583327,1.0512152820212,0.987321313599354
0.993430369229201,1.00871763621289,0.986631478971419
0.974177811100398,1.05939156851373,0.992727611605919
1.02261070476838,0.994025044174329,0.999339150293636
0.975091989810462,1.03119175465906,0.993420680721447
0.947625033966665,1.07345387484538,1.0152490127029
0.980208920809247,1.01813865875504,1.00713290746772
0.965192665333237,1.02014222760934,0.996131318427687
1.08153549086433,0.942434762789469,1.01505150648238
0.947716548405259,1.03518612347194,1.01265254282489
1.06761658507419,0.922335193561902,0.993723267823091
0.953209008502473,1.0260316432633,1.00847269343591
1.05582788637721,0.928825723273581,0.996644709965498
0.971162575029676,1.02325758824477,1.0055833788244
0.962394085728342,1.02433318029634,0.999191718866614
1.11295915027744,0.892260017200733,1.00392410363357
1.05333310923563,0.943829240689178,1.00354301532216
1.00386560847602,1.00901539390916,0.998860417179695
1.02889567447678,0.960009120862044,0.999963823691492
0.979048097991632,1.0164750961563,1.00702773282949
0.96754240389244,1.03522969660494,1.02150231203144
1.00182966608585,1.00548171436435,1.00482773932809
0.998949565446834,1.01881169736311,1.00699577296567
1.01767299447309,0.981294173913581,1.0090487758172
1.01746164028199,0.960377320909044,0.99759634198086
0.980649537627892,1.02011162327843,0.995140276770404
0.985711211997577,0.994924436692096,1.00088345826085
1.03071648239108,0.962575829759694,1.00752810753197
0.980710957662894,1.0224009705099,0.973733359808276
0.990962196541317,1.01676517692334,1.00997902747957
0.930845419725196,1.08098928183972,1.00094565150286
0.98656991958142,0.996836952631454,0.992421749891042
1.01720948997131,0.969628949672898,0.981701207219077
1.01504668148666,0.995609530706469,1.00687990182943
0.92876354125972,1.08527972525569,1.01972521621431
0.998466326816196,0.981452272518939,0.992784751136044
0.99217329173876,1.01124290382458,0.993596964050224
0.984358324704753,1.03786052989947,0.991016991358652
0.973477984106705,1.03063731801341,0.9955519851335
1.00333055566496,0.979893102230566,0.992568624814066
1.0027792343361,0.964274928182314,1.00808787968718
1.06386419959721,0.94816225952621,1.00542182579205
0.970380601629629,1.03590724635246,0.993539849545059
1.07875733978192,0.923257873330608,1.00325674264252
1.08049584031909,0.891090472935917,1.01438714830993
1.11624129691062,0.924279355570022,1.0052344181695
0.872376184770833,1.12235590231515,0.998714440333822
1.01994811971618,0.962031662547638,0.990712650978403
0.981928337755913,1.01662529500606,0.983654748259299
1.05949201139231,0.908808984409252,0.993703578038155
1.04759510936223,0.945893187245369,0.999162434129916
1.04014239893033,0.968563006354704,1.00682162490635
0.939060055843955,1.05352174996037,1.01606478512181
0.999493909980413,0.999116484742167,0.992038106741353
0.923577372200065,1.06399433609454,0.999243907839803
1.01538498785015,0.988592544562951,1.00882689656066
0.978795543949148,1.02853390741844,0.98871728794349
1.00720041053906,0.977521870440224,0.99879942616194
0.977932282900596,1.03091681543282,0.989365204863929
1.07387316693745,0.921093249878317,0.974612019338064
1.06329882961182,0.950790693764254,1.00718209462114
1.01977865971695,0.980733030661501,0.984405845715054
1.01532393853413,0.991799245349296,1.0007164216351
1.01268519052877,0.988746048819706,1.00847007295085
0.954407344857941,1.06155529191062,0.979570308708529
0.991899522956083,1.03000977759413,1.0033672500034
0.992234684813896,1.022131774962,0.986930427311014
1.04054632294781,0.972350774996718,0.989071770991009
0.969424102659919,1.04286723954314,0.99618316670487
1.05388016895673,0.964042177234498,1.00182709196427
0.945628800027915,1.03014947083972,0.990877466093499
0.907964136284456,1.06426390679143,0.990299211982504
1.14459451269159,0.834405106259601,1.00244840920535
1.06316237785533,0.935848218710691,0.979684431837075
1.03615573642767,0.968973112623593,1.00166651602276
1.10684616221774,0.915448964237727,0.999542150179882
0.98308474675451,1.02726016076699,1.01038297758377
0.967435965544782,1.01611196898969,0.993676574789431
0.911192348095493,1.07688836198121,0.983435486460837
1.03411691803319,0.965395766536547,1.01242728307154
0.98359245066624,1.02852171704309,1.0091314236578
1.02819794840851,0.975992302510198,1.00503934647217
0.968454264116207,1.01949835828699,1.00234375372569
0.978886608146944,1.02727150343698,0.988288738099202
0.933195427720624,1.05309822756106,1.00384049815242
1.02403770676375,0.971676836238821,0.996056005125926
1.09982399091714,0.908018671125381,1.01164098456346
1.04321613400642,0.96047374138172,1.02197648683079
1.13035989310896,0.87142397017876,1.01211673561333
1.03536856566105,0.962379849855717,1.00836282836499
0.938725508296808,1.06627854160218,0.977713609548071
1.04809808335256,0.966419473825693,0.998827369943641
0.900998018799793,1.08085767407308,1.0301218731864
0.971833610018166,1.06020096487898,1.00382462418528
1.08210894121765,0.923344604121909,1.00092326746058
1.01141027507432,0.985897360168251,0.989147950061874
0.964243070431483,1.0509943856438,1.00747464382494
1.00613392034833,1.02754847307836,1.00583972850916
1.05699331183774,0.949738615893684,0.997466592541274
0.987564838336621,1.0119290933819,1.01616153480035
0.871318485579188,1.12915208392374,0.98251841293769
0.904064167368421,1.0662316394976,1.00350525435546
0.940428697896984,1.06276525964741,0.991077599673916
0.978698749247274,1.0169661011998,1.0116953600965
1.0426791237295,0.962354775689223,0.981929958037136
1.00913832601735,0.998917731109786,1.00305048879595
0.947373532181266,1.04266964214074,1.01697834995302
1.02335863132517,0.982498274584934,1.00153453544139
0.999163964639882,0.991239095491238,0.994549521383535
1.0335753767726,0.977545159426957,0.996277753408676
1.04323578425384,0.968750449815215,0.989350919580721
1.02782967390967,0.959541678272657,1.00332181175107
0.956257004861595,1.05826910245793,1.00156615665747
0.915575633031565,1.08042196481638,0.998115637581051
1.13306549722936,0.840888781015795,0.989310502258939
1.04194946248474,0.941023986800496,1.00187309447269
0.972963394703378,1.02082006183584,1.00478498700807
1.05496537516305,0.940590376364107,0.991159559375623
0.991705884329436,0.987623111370162,0.98855084750676
1.09329995181652,0.886760899029546,0.996160678846306
1.05595204480566,0.947924519562067,1.01051142411286
0.90525214783246,1.06881261830826,1.01063850723083
0.997198143652838,0.989683208591531,1.00406505688942
1.03608523139342,0.960342611019912,0.993107140853708
0.96851315969279,1.03124666403862,1.00120939415583
1.02013694041058,1.00419609584091,0.997442132177005
0.950044835968567,1.06027156246463,0.999918727055951
1.03217820811637,0.951049188290857,0.994387543539573
0.909450709458997,1.08676605285592,1.0027314816256
1.08225101095634,0.928746474831882,1.0040120837841
1.05855250771699,0.931665340332183,1.00226073760332
0.917514021891444,1.06893143659798,0.995663585141221
1.05333077348091,0.943305810555858,1.01312628712458
1.00480323220902,0.978612148164657,1.01149462524988
0.991990702016782,0.971415701228025,1.01370939960587
0.985241979980572,1.05078302222561,1.00859320097563
0.985722621359948,1.02290585335254,1.00450316503008
1.13345884486802,0.864346158373914,1.00596594190107
0.99555860689497,0.991912800548272,1.00949090164915
0.986404026666242,1.02430021447027,1.01671514078649
0.997386195278398,1.00793147264075,1.00027878387288
0.966794009815213,1.03472721948143,0.99918736258788
0.976168255022144,1.0063978561074,1.00043426574806
1.01814861236632,0.99271596150118,0.994620508721842
0.978783014167694,0.999298513781566,1.00535826298645
0.96452155370014,1.04933378766338,0.979439498985761
0.964024492999144,1.05803731452503,1.01762910529147
1.02960066017618,0.983039527073844,1.00463848575567
1.09370357693454,0.897389883522396,0.997739932789242
1.01392715634164,0.97121076956665,1.01455922775167
1.04636007296798,0.9803574700682,0.994599776350483
1.16812783832094,0.861190867021343,0.99372843996297
0.977068208722984,1.04012061561839,1.00711368485524
1.03485836282828,0.963605029029096,1.00050054290774
1.05081540836311,0.978084761090534,0.998083385631972
0.953067559094486,1.02059742395016,0.988840457105812
1.00228538321694,1.02024589524789,0.999846195177333
0.929605021749031,1.08358367444512,0.981577483106016
0.895146902706684,1.11937596192658,0.99872317364929
1.06011112326311,0.944400725766195,1.00253403653302
1.05196435644384,0.931720216913791,0.998246488933341
1.05290526598212,0.943104431174732,1.00236896198721
0.949411614722984,1.02940345996494,1.01798145665984
0.970272789518643,1.03081149034058,1.01386586076496
0.984176244255622,1.02409583887833,1.00038346920304
1.00793603196509,0.986064835543434,0.999717315918164
1.03089031915836,0.977554370453028,0.981900953175084
1.02101529288822,0.966898437816073,1.01122639397672
1.01216983387337,0.968208988974152,0.990572688191016
1.06209111536771,0.969022275818849,1.00525461351135
1.02956499686158,0.989047489609794,0.991997844727671
1.04259317829633,0.961824944679854,0.992621516157944
1.07671098783361,0.933782903128425,1.00448934507788
1.00694889461944,1.00319642038156,1.01104142378025
0.927486113720379,1.05130910264837,0.992830416792034
0.881003163301562,1.11602163462487,0.997665844065588
0.927324988870885,1.08681219735874,1.00842049470684
0.899234298861294,1.11299419793907,0.99622368587858
1.01677252306414,1.0097286956902,0.998308725573352
1.00628525374392,0.998989357195324,0.982890823096097
0.967614929939173,1.01454170791813,1.00207460882937
1.12137092518137,0.874466981782071,1.00203990126769
1.02205346223073,0.982259154321611,1.00572093196434
1.06642041511453,0.93865596686147,0.997821602718553
1.05848896295989,0.942680537551244,1.00958422407931
0.972564774121445,1.00264315918866,0.998251755899129
1.00994269571909,0.989456299417642,0.998187053469389
1.05394577959507,0.929944438421341,1.00376431424409
0.96587876814076,1.04859343631371,1.01292409877037
0.97771241351075,1.00968749138913,0.987309094759135
1.03064098359764,0.991353860727336,1.00918891456171
0.913041899235585,1.08726145326942,1.00091586899609
1.04675669399813,0.959101964089838,1.01294682896828
0.93521458132515,1.04097255622542,0.977999173367554
0.995216636241283,1.00998556047682,1.00557189891753
0.933680234602277,1.07740099150058,0.989131144001385
1.08626148121414,0.90434108507068,0.996169816211014
1.00193508354346,0.997304386643454,0.994720750192853
0.948130248017715,1.00725561868931,1.00100307585338
1.05797460861936,0.951779449825086,0.998029440822012
0.962451240974056,1.0424847399958,1.0085050301878
0.997082903512464,1.0205264651056,0.993780081549476
0.929197991160748,1.08040972973413,1.01643918278999
1.07134733950698,0.92618889307334,1.00688004215199
0.991857890348215,0.998581834317433,0.990028224983628
1.05751617179638,0.949877942784166,0.997698456519889
1.00781273860384,0.979234863004799,1.00846241782079
1.02127829610092,0.975650872194806,0.984137090839619
1.02622320223065,0.979114352392829,1.00894023724119
1.00732462426758,1.00152678828245,0.9849590808541
0.987544811121394,0.990090375116642,0.999287616350743
1.01467390328766,0.967694631019028,0.994582894987276
1.01612493422067,1.00186876095521,0.983111371980836
1.06011721432527,0.947857284862576,1.00098406546629
1.03523074041545,0.974428760525332,0.996135123926693
0.980610530609579,1.02803305279073,0.9923203947854
1.04207014975472,0.966708289850875,1.00608561286747
0.988371854272446,1.00552046264856,0.996924578444037
0.95734184877325,1.03488696214521,1.00210866965983
0.985550356575668,0.988505727269,0.97880539438475
1.07430548186291,0.936363306529908,0.999568409307799
0.925311128688335,1.08317655764747,0.997780145353313
0.982723258661305,1.04473293642758,1.00903994779537
0.947312652514939,1.03688584448488,0.972728797388854
1.01668334030459,0.989207074233777,0.986140192002352
0.943499471696656,1.0479595662715,0.999867298567045
0.892411212266631,1.08566895433867,1.00298855073034
1.04483889009557,0.950180562645189,1.01164544123535
0.99195411216247,1.02106790250035,1.01898201412497
1.03265528212721,0.96912656232754,1.0121681130636
1.01868841688485,0.963576021269144,1.01582571246223
1.0164469192703,0.997416746977199,0.982891943552982
1.01438099756827,0.976089047333004,0.996208932738923
0.992880909913661,1.00566257341037,0.991453926732044
0.965609322613333,1.0329343115967,1.00704619420174
1.04319814321826,0.972991501972799,1.0131558311485
0.926549173533992,1.08054519385276,0.993311226955084
1.0333349852483,0.948935275013791,1.00444600760362
0.939133759865541,1.05983208323391,1.00786260975379
0.939455959364559,1.05527220004142,1.00678989089239
1.09870110968767,0.895715497505296,1.00092274605504
1.02620119959705,0.963894450430165,0.983807720473237
1.08609934152748,0.90766350400139,0.998065896510488
1.02179297012117,0.962177512076994,0.985710860320934
1.05818221546214,0.96126014792925,0.991908423286859
0.984725646752001,1.03178723054162,1.01068711822622
1.05359550821948,0.93260806343708,1.01385855461697
1.04885425258107,0.957287895568182,0.995472275837025
0.929087343962643,1.05479657691646,1.01239816805313
0.997016607930512,1.03349926700151,1.00476319162926
0.994326350114104,1.01732103433798,0.992575316229389
1.01032514333077,0.985636246951626,1.0117682963769
0.98791909589077,0.986111922260828,1.00295956084977
1.03814269483426,0.990787725786161,0.999300086762669
1.04052080268063,0.955133274123095,1.01072480433472
0.974836891885077,1.03362619219106,0.987191902970203
0.934084717629507,1.07828911217461,1.00645169060964
1.05532055244045,0.947209785344862,1.01432580063617
0.963669829156364,1.05210178423071,1.00264617067555
0.903944005940025,1.06552739971673,0.992563181115913
1.01244733636283,1.00550422327947,0.997352122024927
0.941506730623081,1.05102346091504,1.00756242505494
1.01465474745999,1.00562324097805,0.992968326667424
1.03562096519552,0.949659070821043,0.99317422219253
1.07870740666293,0.921318479695077,0.987815194004439
0.986622710887658,1.03620795186964,0.992367409681744
0.951382415878273,1.07265260779221,0.992244103792727
1.02140472265616,0.993474148784863,0.991957552116907
1.00123704854221,0.993979920763484,0.992687132568725
0.996956614174258,1.00721611750915,1.00232497659712
0.992341038654728,0.993967288132983,1.00474490178025
0.992856973924888,1.03034740412429,0.988888595727824
1.04489227838756,0.98341678949988,1.002899905929
0.921321039934597,1.07345709154953,0.989200162942286
1.01995703618526,0.965942362861592,0.990319811694843
0.980004591307934,1.02174356830128,0.98845177733531
0.991290091737298,0.996583237029894,1.00431108100859
0.964136743416528,1.04814806763499,0.993712296747549
0.925170556253094,1.05359522287901,1.00144358529408
1.04090944861493,0.949137238866034,0.997081567034712
0.949123413373996,1.05077343025974,0.988531998355217
0.971375556856753,1.02959486052361,0.985701008511806
1.07006200299181,0.929467381837459,0.998140812463863
0.996532250913703,1.00543650457613,0.982242218224491
1.00684018249199,1.00065406427166,0.998551692074693
1.04149394942038,0.979805216168156,1.0116061969982
0.906967820629975,1.10776879282244,0.997765324625024
0.99202418527838,1.00377705356539,0.979520544587292
0.929079515064443,1.06802040986068,1.00555318191936
1.05344520231976,0.957349554840448,1.0024388487688
1.02495053265426,0.957339351133142,1.00624375879706
1.03505023800274,0.960276923391415,0.991315728914243
1.0102330955637,0.991275582052844,1.00215787963164
0.975320103169274,1.03197010741944,0.988926531738629
0.950772055308737,1.04931000782984,0.996281080829615
1.00257345437927,0.986306697696719,1.00776385145045
0.985357306292777,0.992554923302354,1.02307153117988
1.03883151723148,0.954201345863849,0.988985519557957
1.01600450352576,0.970938100023161,1.01262723081379
1.02135098031395,1.00141985878039,0.986700790174975
0.947839012708146,1.07088082867306,1.00677700403644
0.957337933415178,1.05236831646743,1.00144935495767
1.00925115662284,1.00565785823121,0.994410713888262
0.940161070740271,1.0719580902936,1.00480332496507
0.97110136877354,1.05309622965177,1.00265408464253
1.00432991330982,0.990910652214834,1.0072553218529
0.982154609125887,1.01707536232767,0.975462118065396
0.898193201174386,1.07420348284835,0.996562601688161
0.936876727454108,1.08222293809518,1.00237489925749
0.952575874986825,1.06157361826128,1.0123148975725
0.979031663721717,1.02501509969437,0.98935631900814
0.990231554200303,0.991882325742826,0.993816969068943
0.93809563523122,1.07910869350711,1.00049030000119
1.00646405220075,1.02171891854258,0.995633471141366
1.05884686229013,0.938431993439139,1.00232496976667
1.01934371023121,0.97595532057269,0.997893563187534
1.11281907482608,0.899951395772212,1.01485458056763
1.00330673322357,0.994275359788459,0.981217511360657
0.946288922522266,1.0471934518918,1.02285776014161
0.979017933778007,1.01564775936625,0.992956451028387
0.956262775177892,1.0463977578582,0.987685485674868
1.04680406532064,0.977989346384967,1.00241459421293
1.04816794083312,0.977202275540165,0.999790164141713
1.04445636722766,0.965956646738458,1.00012250956471
0.999102154577395,1.00340359882113,0.985432624300499
0.993482783672905,1.00770373469346,1.00299758190029
0.944675496140199,1.04026092131252,1.0166442213152
1.04327535304487,0.9522270794079,0.997780646323783
1.04095796760225,0.943022757954591,1.02270707107397
0.984393844564165,1.01147429522387,0.993483987297219
1.05704016303352,0.931545531731616,1.00021330843149
0.901487896136326,1.08692952349608,0.989415065713663
1.02736662050916,0.964434939337157,1.0064796190515
0.982169360621803,1.03162534082761,0.999949025361319
1.02904372027329,0.943599501761677,1.00123365805832
1.05540396795592,0.9478870338699,1.00892383080028
1.10597114477935,0.89737375152379,1.00335899399648
1.06248997212284,0.9734570940171,1.00275943614131
1.031383397651,0.988170899041214,1.00307208312593
1.06942653814523,0.930718897343164,0.984526310783337
0.948025872824033,1.06505842593863,1.0130525689268
0.99610001476561,0.994908722322988,0.999756018972931
0.97858077116223,0.998917393667996,0.989561604100435
0.922761192295268,1.08622596013948,0.996505521398592
1.08686577182056,0.921813529477385,1.0007445182238
0.956715669456149,1.05267119736669,0.99775803042044
1.0369560141461,0.943788618914565,0.983798949807436
1.01644174909189,1.0086714934141,1.0102551127958
1.00363297911967,1.0014939738177,0.99864269388794
1.0254594922405,0.975967413740744,1.01120320228732
1.02326866906899,0.965630116443695,1.01040505971658
0.99622089926226,1.01770324424466,0.986924579175318
1.03029011367169,0.968672092399715,1.01297926213178
0.963668049600258,1.01732144775299,0.992528921052569
0.986808423154483,1.00742956632803,0.996534072438803
1.025111184192,0.984605534787947,0.985716946157409
1.0750635559026,0.922233532186512,0.993822552806323
0.934121496575292,1.05149655694184,1.01401029694532
1.00358875046625,1.00572961584742,0.979379534362577
0.931902576605724,1.04159174641054,1.00356182473768
0.972818242901595,1.02917156706713,1.015812967556
1.07900184725536,0.9099475919414,0.983534778402291
1.08382512852168,0.929723464480593,1.00225996474736
1.00716239256787,0.970215709701445,0.994841794153828
0.924230334486877,1.06891369122425,0.995490811896638
0.916377064898941,1.08248280825662,0.984004042737965
1.02066081020314,0.97859080580615,1.0021384866023
0.933684125412089,1.06575696209391,0.988146706259469
0.901456212670218,1.09142729954659,0.984960238835515
0.974793309039274,1.01535073832456,1.01019219795348
0.961137366821216,1.04089890096034,0.998855670709498
1.08372645586397,0.911190458381939,0.999249547502552
1.0844264992402,0.931591370192957,1.010348193733
0.988187405580685,1.0043560395455,1.0008930733837
0.951827016191077,1.01893507079731,0.999425892543467
0.956864869663363,1.03455071524747,1.00922015105811
1.00854624535049,0.996197861429124,1.01052327823655
1.00857426532729,1.01004838710521,0.989097080417046
1.06603886495589,0.941337520783705,1.00077457408062
0.932559149560146,1.06031209406377,1.00337890799932
1.022727581534,0.962714039954775,1.00164481839148
0.977317842015136,1.01082187639409,0.9821345478219
0.96215003858971,1.07239346622534,0.994973661476904
1.0313436834885,0.958982724922042,1.01079932580396
0.9804154187725,1.03467525730162,1.01161826810971
1.00153506891059,1.01183629063244,1.0021079946596
0.952846272831475,1.05639309303657,0.997390517556514
1.03771675201671,0.971440341205465,0.999730573136113
1.05615018130446,0.958215712659162,1.01604903025184
0.978379945514306,1.03119137381781,1.01466950242911
0.917127946677011,1.09740428390964,1.0037117335932
0.903987103611416,1.09853700741941,1.01375294023463
0.938683807916753,1.07942228169827,0.991948425227564
0.998632029810977,1.0141847687285,1.00781800495728
1.03266336290342,0.9760220995202,0.993495527473685
0.985722309594386,1.00213630119062,0.998826059207486
1.05432727467418,0.939438741395354,0.984623967436377
0.97227482403173,1.03999181084516,1.00636448074876
0.88165232992084,1.11224458573595,1.00444340174069
0.972980368281002,1.01457682345736,1.00402931383887
1.01306929842615,0.988519102421901,1.02471837420302
1.02629091628395,0.972342951526846,0.991935640489641
1.00824412016427,0.997879826851711,1.01286404363814
1.06162682096333,0.954640541622734,1.00308543974364
1.00440566857644,1.0049775412188,0.992212692700074
0.928370325607887,1.08680629808964,0.998018864422729
1.05957817750758,0.951839352557966,0.987494327008429
0.991773044374255,1.01721939714054,1.00646685994046
0.983527256561138,1.02525962511403,0.99575789892973
0.990847588466431,1.03479941569521,1.00256950826572
0.986772635094202,1.03630692251417,1.00695037532668
1.01028575750365,0.978993271055079,0.996336993156371
0.919066747895769,1.06484079054565,0.988934181678415
0.944671373919359,1.02203215020076,0.993317262535572
0.965905444579985,1.05000184976257,0.99999481811502
0.998156526943321,1.01653412492445,0.987647922851752
0.915092452986113,1.08365264555378,1.0185048129989
1.01758516481425,0.977258415879236,0.997698338998776
1.01572386026898,0.969432960697495,0.991065491352042
1.09613991501057,0.901182985973792,0.989842403641519
1.02744113854077,0.967289453987615,0.997015175165485
1.0660215671108,0.917914611021477,0.996908758794925
0.921342650494394,1.06777401109033,1.006844425328
1.00929757918621,0.977507294282979,1.00090943734175
1.06782541558254,0.966014187572888,0.995138785069523
0.970027344263961,1.0169826945728,1.01770904558124
0.935779064323453,1.07148825767158,1.00191215799169
0.965830200356767,1.04356411792995,0.981251015254728
0.969906885298031,1.03866948400845,0.990289171654489
0.972861591140007,1.04269804807333,1.00375423261232
0.993410090787873,1.01072164247891,0.995163815596715
0.926980190565152,1.06241554375861,0.985534751701318
1.11841338275391,0.881283740195513,0.997270122264653
0.937224276815198,1.05969634433858,0.990873293157705
1.01186590617195,0.979066946883786,1.0003528424751
0.99832090215563,1.01457312763302,1.00217873053063
1.04689748425402,0.952941725672696,0.993944402974994
1.01386161503018,0.951412276170639,0.997412176503511
0.993526212342526,1.0078962481878,0.984519003085726
0.956180123412348,1.04014353622946,1.00709792459649
1.0584527137983,0.954785204567802,1.02077423126637
0.8940061517305,1.12276151024603,0.990025855969722
1.02655650790562,0.964657914326771,1.004200554925
0.94493220688303,1.06189403432332,1.00591221697256
0.936780282478344,1.06510660595615,1.00612306192624
0.973318103370203,1.04510843105591,1.00399716731
1.04723679367197,0.971450884208722,1.0143379276331
1.08188028102373,0.938107519183775,1.01385976796621
0.980235827880939,0.988650973402054,1.01530310720841
0.999667903411516,0.999430111912831,1.00592804746186
0.997749829814535,0.998567057326419,1.00520620748663
0.901001046360913,1.07389951108251,0.99957406409301
1.06958911352248,0.908817580063318,1.00267527099837
0.961966165248483,1.02305417651604,0.986615403030842
0.977822532635372,1.00614460038786,0.990102066919669
0.983842093283033,1.01076161082249,1.00612259332136
0.988557708158949,0.997473935674192,1.00269812521059
0.996883157575153,1.01670590197753,0.996749779011363
0.960151843268185,1.04568224731232,0.981787850407433
1.05571269523852,0.955282970771605,0.982223367001322
0.983520434350522,1.01510575136005,1.00175434474413
0.961339035173299,1.01784741739854,0.995821495949607
1.1047655721722,0.920969714515931,1.00466415748949
0.971747106579387,1.01305031736417,1.00975643910184
1.01284711406039,0.978426538790582,1.00386222099415
0.968986437883045,1.02942324139295,1.002894624025
1.01264583372037,1.01335862092419,1.01694904579507
0.950779003897094,1.04664303074112,1.01231135307759
1.02831155104916,0.968103224524307,1.00875873101312
0.98417016309137,1.0384802040608,0.992539306983864
0.968043162789877,1.01747377606945,0.989760726950468
1.06390967822546,0.932758903248037,0.990442487253088
0.952246777341662,1.03245707057975,0.991345688415671
1.02249444883799,0.952350657949187,0.9973003497661
1.00725124565375,0.988607689116546,0.998960406485425
0.98035647198725,1.0041860137207,1.00001150098679
0.936826629113877,1.06594880563215,1.00702320234459
1.0091092199968,0.999097437767137,1.02027961463138
0.889779611769516,1.11095945954714,1.0070129387048
1.02536736809092,0.977984146218325,0.997605764750074
1.02842684914545,0.95916016669129,0.980762216039424
1.0396144577699,0.952337814892126,1.00497282816369
0.954817221244242,1.05377998792078,0.976166811591472
1.04271863295768,0.966477608122433,0.994502356639481
0.916752234049198,1.10210378009878,0.998075622107714
0.993620339785696,1.00588042876235,1.00403975128973
0.974606312095851,1.02380051997895,0.999185004327844
1.01382689543842,0.98947436171198,1.00702078714774
1.06069873040228,0.935734570673012,0.998483052997117
1.08710529059232,0.920969074878793,0.997542486998383
0.9969803066643,0.997349869911322,1.01194845777195
0.988707613369095,1.02279255925167,1.00589204759177
0.973610765362584,1.02202598825477,1.00843787081088
1.05293219939441,0.929065908504023,1.00810521499057
0.980895325631552,1.0280619320945,0.994466806453186
0.985103323667257,1.01319344132533,1.00241576469776
0.9597996623209,1.03612967522323,1.01565225544129
1.06833110991241,0.934272787220107,0.992704613470765
0.995044144211733,0.995980577921291,1.00143143771332
1.06341781010139,0.939913484810059,1.01152849233028
1.00152267893171,0.998396146059922,1.01750982806854
0.974187246817629,1.01408912128085,1.02438547731936
0.977968697307074,1.04695192466257,0.993042405942641
0.984818735392095,1.00132907544281,1.00666767064104
0.970141745804239,1.01158725040832,0.999065161932485
0.909167039141664,1.07143645542732,1.02084423499797
1.02930931259111,0.983475353171145,1.00568899219641
0.961600876222741,1.06493660700865,0.999147015913878
0.96787960890448,1.04460748474426,0.994205788811788
1.02461413113734,0.953350384870195,0.979562992217252
1.11687163677599,0.888890550913633,0.98709808161576
1.01407184375018,0.983192539169905,1.00680554128172
1.0088536276976,0.997955416158162,1.00023556080305
0.98808039025721,1.0128575517809,0.993764312713648
0.990906467588128,1.01048294292626,0.985270726397831
1.05194226548344,0.957350662345749,0.992044047166965
0.978233917676858,0.995856575665814,0.9905817911326
1.01832505366582,0.976504834238087,0.977971962297314
0.980306333538235,1.03093830823814,0.989754685628852
1.04808309999351,0.944946639785438,1.00634945044216
1.0427068738484,0.963678052023335,0.995463154057888
1.03698194610356,0.968662597654495,1.00675882701705
1.00598171522121,1.00627186568781,0.995253728685222
0.989226786563721,1.01716631939819,0.998760076803
1.04711875608349,0.93858926551512,0.99918503295441
1.17198769922842,0.849645800611817,0.997168872755004
1.0047982976355,0.994450290216272,1.02324392907488
0.911606453603726,1.10209216489909,0.999783385905056
0.994381463417265,1.00898047183909,0.985961544490246
1.01203587196181,1.01653045546126,1.0018338049973
1.06086058622503,0.953242404238694,1.00423905773628
0.97029450185587,1.01315459393836,1.005101069711
1.02726956641678,0.975886093853271,0.999077175041821
1.02278404418756,0.973641837737725,1.00852793077617
1.04213262537191,0.972576005597428,1.00533270712622
0.979714323508053,1.02076617007456,1.011478401386
1.00831068123053,0.971920871850056,1.0073307924882
1.01711227349862,0.980831374242634,1.00603743148112
1.02718278632674,0.974548030609275,1.00307056280785
1.00491402854991,1.01230501447476,0.989186828008785
0.997881316823527,1.01761474752185,1.00650814206159
0.937575238119929,1.04473488547763,1.00434541000154
1.02617020802782,0.994854148138703,1.00949042585731
1.00788211151217,1.00668107124848,0.995960034390747
0.994474120563345,0.981037515893878,0.983467192680285
1.00032970414465,0.996071325782363,0.987359255090609
1.04389208090825,0.933622096042286,0.98672997931708
1.04510367147041,0.962741455566363,1.01418590883075
1.01459872375394,0.990766411550139,1.01211454685097
1.00165957350029,0.988356434593409,0.994808956049516
0.973749256027877,1.03212453030231,0.989582619821063
0.952964984173257,1.05746740662079,1.00804601252425
1.06951434486909,0.930875765153056,1.00431150715118
0.953133854949836,1.05425491290945,1.01402251147722
0.971406586587784,1.02571007038798,1.00139187717905
1.01302677029909,0.984008625258411,0.991692763870631
1.0229535566183,0.985532580733998,0.997918412042342
1.00846654791442,0.969296280397848,1.00593885367972
0.960067566145174,1.0506085270375,1.00713814975561
0.936076714986865,1.06080328219049,0.995295842579032
1.05515029021995,0.945915938478508,0.99354048140812
0.934355456251574,1.08054577587223,0.990125565470336
0.952374634677756,1.04274379286244,1.00572383076844
1.03855649376034,0.940839182768025,1.00962675051956
1.04663743503815,0.949079678972316,0.995174219393956
0.934257940411444,1.05239641657941,0.973265818232024
0.918474783766616,1.08043388440253,0.990982000981522
1.05393960934753,0.957256781360587,1.01015866209586
1.01763823309979,0.985952872810078,1.00332379411314
0.951874591185502,1.05534173280333,1.00808769225813
1.09706137501016,0.921453143715191,0.999368185203441
1.11736704230957,0.888864916521751,1.00278119298643
0.938919243532366,1.03170889617589,0.995052975481512
0.989935778193991,0.993175922103744,1.01092971474236
0.927539254929619,1.06426124548521,0.986808273045043
1.00180990220435,1.03573095003058,0.999070419655731
1.14027195836816,0.835524170960831,0.990360688363725
1.00201038228585,0.970527956385407,0.99449595909549
1.02441488334239,0.971948475514948,1.01250412445272
0.89940321694886,1.06939679925045,0.990356982790242
1.04967357770329,0.954917869818083,0.995769748286904
1.02106154793603,0.97513457938368,1.01129543889782
0.969253085389508,1.04713395668075,0.99848429789937
1.033108508383,0.942090802610299,0.991579069445236
1.02503766063085,0.986628534853318,0.988012798808119
0.956896451510509,1.03901664949909,0.984318534916105
1.02658707980664,0.982191595496912,0.986823287822269
1.0674648743373,0.928031472502512,1.00655238798272
0.950020349619319,1.02175514757985,0.979581849047586
1.09187442058107,0.929620959498762,1.02991546696444
1.02379887394393,0.97274280635414,0.999601193609328
1.03420912793372,0.94738947577259,1.00114763440708
1.00433818357982,0.99561884314422,1.0011413773115
1.02525986840156,0.980102396249647,1.00760236874174
0.986955543826038,1.02987761660276,1.00495435617757
0.987312899007276,1.02812889722416,1.00273918201691
1.03249545887429,0.981490257814475,0.998210321175875
0.996840939882348,1.0186139987397,1.00505666340175
1.0671481834705,0.92319061384185,0.998217746645697
1.02583712219673,0.976224146633017,1.00023835465093
0.988985542572753,1.01525255007416,1.00769792847171
1.00680108688871,0.994059309016344,1.01271008048133
1.01924179818703,0.995215521986732,0.994101250173913
0.962682518949457,1.01190691427257,0.9958672512443
1.00749359659459,0.979584067619274,1.00605743302639
1.04738230373517,0.954917709405664,0.993890949021808
1.08422128668504,0.902525756494195,1.00947685955359
0.964254653295305,1.03642436188837,1.01492892665678
0.959067386261425,1.05495426837381,0.993469874023582
0.914529104656315,1.09687427093738,0.99353057490629
0.972774014967014,1.0375860896224,1.01094759483214
1.00918215781326,1.00013885591593,0.99992843842908
1.02266375524008,0.989483700632727,1.00269077537935
0.971136202133017,1.03737259196105,0.999357016599223
0.913809633434614,1.06991739002813,1.00184829386955
1.00308242316065,0.99663335970321,0.996883078385039
0.949829498761479,1.04123497699766,1.00788952793224
0.959054453897941,1.05692993597658,0.991322954331853
0.863227633231914,1.14829481350362,0.9987915133099
0.958791692773349,1.04091789191515,1.00446088303212
1.03465857390164,0.966588310391395,0.984621895135549
0.992133646087259,1.00736557428564,1.00849261487505
0.968870635569458,1.01272571529209,1.00109757816076
0.939967228121204,1.074478036613,1.00644095604165
1.00904415295529,0.975814308843131,1.01385513466688
0.959575652611565,1.04727053533267,0.991609517820667
0.989049786086851,1.00780648972677,0.99412857817132
0.961572255481387,1.01341595434626,1.00203329571203
1.01596645190583,0.993306836597083,1.0028332397325
0.96740857531726,1.02860779793521,0.998366075826847
1.08036545367367,0.914508751169951,0.998325192435856
1.01417624329068,1.00405341216951,1.00980101398106
0.970517824678652,1.03773754117022,0.999348740230695
1.02814068659023,0.980450769009554,0.982958992500739
0.994854618497911,0.990175669468239,0.997313272397222
0.992382320695107,1.01608900287942,1.0007254970412
1.01673719191475,0.986722096903241,1.00806180827366
1.01508781677672,0.969336857310781,1.0099201613858
1.0633410191961,0.942202846120362,0.981721702922298
1.00356750214318,1.02462746317512,1.02023709467307
0.950024421903153,1.04057876708142,0.99987853861389
1.04114439514292,0.95721963318322,1.00265545894635
0.930011675736197,1.07048084248623,1.00863736953371
1.04249455669036,0.962789982667056,1.00220626537525
0.971630366324505,1.0441406647185,1.00111497357532
1.03523850045392,0.95479824083147,0.989141417515711
1.00497593330988,1.0000876599544,0.992882626033199
1.05618147388659,0.966687412966087,1.01237177400739
0.930512611582171,1.07416385138963,1.01222354089145
1.0275811136677,0.988718404753233,1.00270366512788
1.08276492477108,0.900070341656955,0.997041233696986
1.02156447993866,0.955202762241279,1.00193024094281
1.02961013151239,0.955802682145832,1.01105144892553
0.982649412111438,1.00127311425988,1.00220637245093
1.00940156980415,0.980843839417473,1.02475458997425
1.0795235102602,0.954504270602072,1.00479866183211
1.01694593254322,0.977795316457788,0.97994449735638
0.990360668852133,1.00399477209523,1.00611661471779
0.983817509461761,0.987620190151894,0.993981738773591
0.994121084135215,0.992643846679296,1.02796136898664
1.04254798795559,0.945756233149874,0.987130606663134
1.01474954713006,0.972595391641789,1.00764548020234
1.0355861865512,0.960219959260411,1.02286512628003
0.993153447627629,1.01978972786119,1.00323340004128
1.03299839917359,0.952705471484417,0.982819221307958
0.994485925398118,1.03499415609875,1.01488756838255
0.905213933829588,1.09727462654027,0.991768904848749
0.980227499079771,1.02728747147605,1.00986868711494
1.06072070666978,0.938110582463088,0.99954152338161
0.989773195367398,1.02647363761899,0.991140051515981
0.970295713492872,1.0422175099383,1.00817119844291
0.98799708292884,1.01535841086782,1.00027601841916
0.998996351993249,1.0079394616333,1.00243143366966
0.95091443269262,1.04825880478866,0.999315002687758
0.964050160602305,1.03532265855462,1.00848155937393
1.00000189091727,1.00780137208996,1.01567320425035
0.950378971836201,1.05314945035353,1.00023363704197
1.05777305389949,0.953146854231462,1.00270337494465
0.944866733163895,1.07985181462738,1.00484063836615
1.0668874841478,0.940741250165338,0.999563847233709
1.04286358744855,0.942458877636151,0.996396412544784
1.00646050766673,1.00208674241298,0.999726395100885
1.09417460082445,0.914731653229052,1.00212600755094
1.02919851128629,0.968609735040724,0.993055458654027
1.04153140069525,0.959375922598472,0.992016890558112
0.97238524617729,1.04736399738312,1.00496905427403
0.973548576198161,1.02134386911547,1.0067435401719
0.901913756351901,1.08831656047231,0.999911298105177
0.932209462642392,1.05618082174526,1.0167137981126
1.00562230085723,0.994553729069066,1.00120362274709
0.907730783528349,1.06687637098297,1.01137307790674
0.968898921036194,1.04482127236407,1.00142925776667
1.06209591848393,0.946302204548965,1.00496032691551
0.954262850369918,1.01077434202089,1.00925071389109
1.03477262254051,0.969669637082539,1.01936288440894
1.03036044306917,0.976670254406103,0.991617111120739
0.986281518644643,1.00881565535691,1.00567827678873
1.03889042652603,0.973058800498209,1.00529997917146
0.970778350639243,1.02772389773876,0.992708054055698
0.997138410146288,1.0069561383105,1.005415411436
1.01148025389828,0.991453475194178,1.02406053201054
0.952518123367673,1.04059255822444,1.01040440368779
0.935800899873053,1.05439356618204,1.00323231209354
1.0519154913352,0.951853432272615,1.00153396145586
0.996296384568781,1.02393166656534,0.9968570732722
0.977464611524669,1.04012236481929,0.996749300499217
1.0087936549512,0.986163184674323,1.01942336742124
0.930473960030339,1.07257374085442,0.982414675825656
1.017292717651,0.993302973263005,1.00433780260557
1.01800316816634,0.987733024171141,1.00500922200897
1.02288712203278,0.97560046177622,0.982402527330893
1.0009945392844,0.991034167367739,1.01585790818796
1.0462714585711,0.978066936387172,0.998625504291651
0.958052954353211,1.03614586802897,0.997747583418382
0.966047195504297,1.02501314641843,1.00383704164408
1.01348291752218,0.991712671415108,0.997389143666547
1.0684519487907,0.924135544569637,0.996100273619644
1.07339151140989,0.94848175254388,1.00244904274098
1.00975899512968,1.0074851484071,0.991902762832622
0.963592939451042,1.02989069307357,1.01819242414803
1.02720994183396,0.984756409703505,1.01353174231239
0.916784654383247,1.08566898516404,0.990071632114764
0.954244505699527,1.04298556816606,1.00763255160388
1.010588277924,0.966364549115678,1.00060469403161
1.00849907828144,0.994729955437984,1.00551233499508
1.06616925818541,0.948578277051076,0.994980434342682
0.907249025858456,1.07939119821572,1.01090627104544
1.03102510207465,0.98053508109896,1.00932545084513
1.04485097183637,0.970579091165313,0.979373511872552
0.967007455822047,1.02017072801676,0.998397962496339
0.924512941306683,1.06127187443968,1.00316037609475
1.07721790611,0.934080589434539,1.01064191346739
0.957877976453538,1.04548614906894,0.995519445599876
1.01680136826819,0.974562608849076,1.01450228898452
1.06767681852762,0.939827150837861,1.00826448021356
1.03915135936704,0.971242566720509,1.00215609375282
1.03680559720322,0.942079674241412,0.986600468937907
1.03120490896352,0.961114202849333,0.980297913907396
0.988398846673636,1.02120895474331,1.00037055862856
0.997781528361094,1.01282261456816,0.9956282294664
0.969543785884314,1.00125764909896,1.01979859950888
1.0333465008805,0.932113872750447,1.00722958400343
0.912507347666612,1.10491062098715,0.998426130257443
0.925906278861149,1.07006635765948,1.00880111205661
0.989382208871922,1.03215261842649,1.00424337762898
0.998284649352415,1.00139953182399,1.00118160587867
1.03885174763682,0.968719915560928,1.00489836972191
0.981499817525272,1.03431504642637,1.00494773224336
0.937088087994089,1.0634343372383,0.998466648994506
0.938104988954301,1.03252001181736,0.987086730268451
0.983479390856376,1.00937840515279,0.993121206788973
0.942238659436126,1.07144565995014,1.00357840383584
1.0659302226203,0.936996118490926,1.00998075669167
1.06875417183848,0.960150100542592,0.99156632907761
1.00368005506799,0.992750862837322,1.0059624478877
1.06055428747688,0.941053481445167,0.988642139900138
0.850019846063064,1.14290578151924,1.00376382162439
1.10546409850388,0.899295887156297,0.986862375729802
0.918784897306176,1.07857573323121,1.00812055062893
0.988273971554976,1.00543675571029,1.00666722413902
0.880951664672641,1.14651611772316,1.0009908562884
0.914586828893199,1.08048462047404,1.00676833421934
0.988102963303586,1.01695751388649,1.01069134766214
0.984455651025412,1.04119602230588,0.990382871501432
0.935805223493034,1.05561461941477,1.000879123829
0.986640213050214,1.02478966176811,1.00174560049719
1.04873520518319,0.946750622082695,1.00517318155457
1.09353164666102,0.909230020024937,0.996489678675689
0.999711043254988,0.986931608185709,1.00534246511829
1.0060576884553,1.01529519954706,1.01334933465678
0.980495589656594,1.03675823899428,1.01467844048052
1.02759305181343,0.987645190464301,0.987459343069103
0.969564183301243,1.02647296520476,1.00802517886788
0.957978941319015,1.07097931389769,1.00563828654374
0.895281047996723,1.10646900985414,1.0003540972734
0.95259795496918,1.04815764866187,1.01237694993838
1.00649238232113,1.0003375693683,1.00964021029395
1.04975312496608,0.954254438487987,1.00181028507647
1.05422517620664,0.962879505912221,0.982702148938301
0.924724953824723,1.08304935712406,1.00592977602641
0.973776950492757,1.00206835272714,1.00179825943557
0.977043190508474,1.03148351719272,1.02081801486923
1.05069460354503,0.965120796006556,0.984246637151261
1.00473288392504,1.00212108924271,0.987175300743648
1.02794989693127,0.94940513407041,1.00810477431795
1.03899643290744,0.950838308035233,1.01569395987736
0.935390220545317,1.06939861913377,0.996135301334984
1.00290030040157,0.998245408844389,1.00529145830693
1.11042757594932,0.887464715452788,0.995475769775758
1.03779809089942,0.98913085978541,1.00139940509016
1.03569127819997,0.975916130840699,0.991821274304306
1.03929514787738,0.975310849989977,1.01759408306315
1.04162382673334,0.972275967834749,1.00634431650295
0.975665671681068,1.03826394433107,0.988158095984728
1.07260142638454,0.916626005013273,0.998186022386375
0.97539177459262,1.01340180245424,0.990367709394604
0.937570968092225,1.05715373230693,1.01028014162955
1.01669571394223,0.97185254318939,0.998781247143747
0.939700658481396,1.06737326307245,1.00556062292296
1.02244810283612,0.974079739879524,0.996438580802953
0.961143177582951,1.04588834468552,0.98988494358653
0.975116791927159,1.02911605379498,1.01695266561925
0.928188501109997,1.04696626276371,0.995024581417153
0.947142637086524,1.0502291026881,0.980065966261794
1.04303983351711,0.936266529142809,1.01191935157306
0.905102745673515,1.11992953749869,0.991557682014832
0.999775851066745,0.980152981153879,1.00004458954007
0.963643721856239,1.00517182407432,1.01106269752929
1.08232333302975,0.932165174620472,1.01705804813422
1.04491474087622,0.974098782633,1.01835997629192
0.968348710801774,1.04195374597762,0.993389977758248
0.939762118841363,1.06573644003839,0.9995220051807
1.00820898447515,0.980395599233895,1.00674346445568
0.9633267063515,1.0405556239344,1.00090694248376
1.052091229883,0.939460913109981,0.991147020366531
1.05210183388733,0.931157746749456,0.99333114875387
0.926561666608674,1.06759770104321,1.01848496096287
0.829659297325085,1.1797047614956,1.00579524378623
0.935253470685555,1.06689617146742,0.997419414601595
0.928752871852569,1.06452470447388,0.998856626689841
0.971218892294868,1.04781966980302,0.990796145323266
0.983959121021528,1.01607129103668,0.987404338522759
0.953404764412285,1.04741559031183,0.998106087882744
0.967150647900728,1.03253629940807,1.00973498518003
1.08968837334534,0.927514035589062,0.995935947299936
1.05393510350355,0.951389005684945,1.00205903110892
1.1022472474391,0.910390816310527,0.985003773243317
0.958099838125743,1.04796059729738,0.987828995318432
0.971494026038145,1.00092460803111,0.99662084562273
0.941067882269567,1.06167570181936,0.989123205873645
0.973665940763231,1.01580759886168,1.00887206176295
1.08193324876066,0.951733652613313,1.00153089942967
1.01588337250648,0.98294087908486,1.00558846674024
0.951400202374806,1.03493907300754,0.990277744977992
1.08551214435534,0.919517018170947,0.992815857503898
1.06067529964512,0.93310327556973,0.975157302323317
0.976068885793006,1.02817592388847,0.981835771089186
0.998327031330046,0.991729600931192,0.996838739140771
1.01971396016765,0.969029019132022,0.998622445497702
0.911827985448888,1.06607142503662,0.99362125042826
0.993342489031143,1.01253579588925,0.994125320125599
0.959961898394398,1.0174218745208,0.996590203162385
1.04216129633506,0.964109238669905,1.00215230979372
1.02573175907933,0.979115831577379,0.993915122456177
1.09911947320486,0.912304298089545,1.01229784040072
0.989034013887759,1.0196322733746,0.999655904760898
0.964760748308253,1.00856285497286,1.00056367344368
0.93182362023693,1.05881714117325,0.999564785288568
0.962774267158448,1.02496962431172,0.98874803407132
1.02416225546403,0.968350039690056,0.993187342137706
0.967467202579462,1.03682043260526,1.01427044050668
0.950406851797225,1.03628076123829,0.991936213251973
0.982994165768967,1.01569679318993,0.990369184181346
1.00026721929663,0.981311968914568,1.0114832037131
0.987889507185826,1.02602485093778,0.992205271531664
1.03574903662957,0.997771064818134,0.99205831826466
1.08895660212527,0.912568021659344,1.00301394558027
0.968291408839638,1.01821514319021,0.988674991810156
1.07312469616539,0.939082981071687,1.01004592592387
1.05318730902835,0.957874377625715,1.00143613230916
1.05844545355421,0.94389304481636,1.02000338754614
0.966460453816938,1.05597279956356,0.998061963664864
0.984900934836722,1.01315388200212,0.991548047454781
0.953700699840763,1.02176966329676,1.00630627531224
1.02786589730632,0.97963040367655,0.98857835122228
1.0610782687549,0.948599377095694,1.01008719514516
0.99911464574485,0.988627123355594,0.985314826260882
0.986801741343246,0.993717047140592,0.992111033923111
1.03111074333476,0.980070646628537,0.991777376533759
1.05120060510691,0.965421387273438,0.992350601560263
1.03954576438202,0.972850273601449,0.99689302262079
1.00312261956597,0.997197760331395,1.00403328141095
0.906354843486197,1.08265512913945,0.983675791964502
0.995109528159388,1.01636142238131,1.02089205322496
1.01441711637588,0.994272538556919,0.988510206403974
1.00584618464214,0.979208648598524,1.00362642831108
0.950982413576143,1.04854522206383,0.995085489811772
0.965723571243502,1.02153495013386,0.992910551739889
0.975862216088928,1.02910808398834,0.995514822840078
0.964537345324821,1.04920854417816,1.00183361680101
0.927792560640368,1.07361386453006,0.979038376844743
0.937594197355133,1.069644670525,0.998775041509611
1.02629089259528,0.963033491573242,1.00269295222104
0.928668403566708,1.05349709741447,1.00472634176367
1.07183231319062,0.9576947390713,1.00530195848243
0.929942249982422,1.04092596115994,1.00284585494078
0.938438492494623,1.06314165815854,0.986817739453615
1.03807443933316,0.977556047679722,0.994644296236869
0.992837068952814,1.03431805019127,1.00283392102755
1.0089319569173,0.989054616891434,0.992607554353381
0.968127021175868,1.02559680334241,1.00351336894588
1.0881276371902,0.923241446392932,1.01722066045702
0.96621474898061,1.05337256635002,0.988657613864816
0.941587224287996,1.05336186211365,0.998217277225019
0.993704053391472,0.977182460582941,1.01002678028942
1.04370919886012,0.917847896422413,0.98441360782558
0.999780847001991,1.00012133361787,1.00321518001857
0.934939400964506,1.06276751174756,1.00353058174429
0.98502937540318,1.01890530808527,0.997704261073329
1.03272081956558,0.972878550669649,0.997930176108175
1.09020642226165,0.913781210847171,1.01455350765773
0.993537834513968,1.00681518003039,1.00216628757861
1.00749288420183,0.969397044439161,1.00503414745893
1.09135478078947,0.90782384857453,1.00581964977281
1.06075105324957,0.935550138722956,1.00491907741553
1.00216176788499,0.983344535059963,1.01069512228439
1.04724563956408,0.96401152811317,1.00326715297001
1.04312122060333,0.946302187821943,1.022921312284
0.986372133944611,1.02213509659146,0.993767102908414
0.949478758720573,1.03686700659061,0.99926004557378
0.986642172719797,1.03416273816668,1.00477974166272
0.997188542488875,1.00526576882078,0.994369761087517
1.0266409521514,0.99120702610232,0.994250906759823
0.974813699749837,0.9987746347004,1.00632460281549
0.963019035030595,1.03809493245692,1.02249692882553
0.965992811222201,1.04740672395137,0.99747304167728
1.00363818081081,1.00159827686108,0.998405089965059
1.03124792840671,0.981095932257426,1.00821423670171
0.980423556707857,0.99368891759982,0.993506358313494
1.01459743108448,0.969939122207941,0.98563106998882
0.907772643683721,1.08592621955081,0.993203032660271
1.02474651302913,0.977606555038267,1.00581308444008
1.03208916125915,0.96855851035719,1.02290709629879
0.896007846003926,1.07004092910967,1.00191235032355
1.02674466813121,0.992388375471564,1.00584655534115
1.09286791397411,0.913245681129459,1.01546445279583
1.08356669196058,0.905679308429195,0.987381229427315
0.998786614886579,1.02646292618242,1.01226157200541
1.0650957452442,0.939480450436565,1.0159424856067
1.05407374468769,0.941754360325625,0.995241454483448
0.905568461283122,1.06482456254448,0.997254918116076
1.00044295741529,1.00275266385638,0.983965234807958
0.938554363498003,1.07088401142498,0.993349035906859
1.01334823532869,1.00956069646824,0.994999711543046
0.951767239266337,1.06257888337072,1.00687675449143
0.949434175578065,1.04037437790021,0.997888377177037
0.96339110365081,1.02725998519255,1.00655395851603
1.09254204494882,0.933278364544804,0.991807319504229
1.05895229025721,0.948075147404703,0.994034117864302
1.05594216417444,0.943991657158449,0.995877136790209
1.01795752973636,0.971710559183973,0.984961716780314
0.991038095625677,1.00618537020251,0.999200204380009
1.05437582525054,0.947594335153119,1.00019854120741
0.925264551223111,1.09346543834339,0.993803466761196
1.000692195608,1.00867996777575,1.00322695247795
1.08585581590132,0.928662861597016,1.00260801468415
0.94610255259651,1.06519955039121,1.01054870904984
0.992380200406384,0.997068004855514,1.00222447377181
0.974398963321363,1.02760172881203,0.991398194450641
1.00344249567348,0.976341820824834,1.0093938964095
0.983092589458293,1.01440320451194,0.975970975959634
1.05475911070361,0.949536048145664,0.992183119673536
1.00649597697161,0.989548109537489,0.997616139806898
0.95796353783498,1.0561748122529,0.995517183969132
1.03797586490746,0.966869421593034,0.992797199221239
1.00658896423724,1.00161570921318,0.977446509489158
1.0130033411839,1.00012112784965,1.007956244714
1.07837148377458,0.931224138605246,0.993955776841005
0.947615367578642,1.02772097292242,0.998559190676167
0.96310236382282,1.04610101625518,0.991167223157625
0.951890309769908,1.02871542758075,0.985262225233689
1.03865333820867,0.930095728426712,1.00183561681665
1.10647820577479,0.907346233682483,0.963349219808863
1.10845555442502,0.891985814727646,1.00033874325032
0.99715409743053,1.01103912436316,0.995350087929165
0.959934092129948,1.01996367215185,1.00333086890409
0.997919215821113,1.00683985865898,0.980910292012516
0.928388762175407,1.07166959033022,1.00011907117992
0.94826345233232,1.05243459020808,0.995623008120802
0.969407561539346,1.03762401296236,1.00316249553277
0.9335855741221,1.07567829721014,0.997839736572481
1.00171262203694,1.00514380659748,0.975721471467978
1.02106029781716,0.991984727556252,1.0018526462685
0.989942182546674,1.01899285271648,1.00675934122782
0.907693514447851,1.10636719025185,1.01320927907259
1.10299042131137,0.897871009683111,1.02145133719466
1.07384885172942,0.941459151343248,1.00354299860859
1.00583387760059,1.00799162733052,1.01154112521615
1.09772229653541,0.884710283895364,0.996923342329394
0.964573971999087,1.02764245961511,1.0041938059205
1.01716485359943,1.01231671845923,0.995494449928428
1.01514360042355,0.977044553371338,0.998478224226399
1.01074593295099,0.984982028575747,0.985920391979352
0.975973101965118,1.0354453323872,0.995606637656179
0.986281584131564,1.0184408432407,0.992179157963264
0.907795020723299,1.07706043717794,0.991273149082245
0.973712218354923,1.0386208781784,0.996249815908258
1.0222549677568,0.965274727467314,1.00039771819924
0.96757221493063,0.998160649280552,1.01058675072198
1.02870860173322,0.979362167582454,0.999800471860768
0.938053070269675,1.04364302928731,0.991631882611086
0.992760563205835,1.01715349842709,0.992294581079291
0.966924160471501,1.0256688624878,1.00151080105716
0.985571716933398,1.03177265019694,1.02424888568204
0.978408764832725,1.02143604206988,1.00267850177565
0.943067935836919,1.06369487104409,0.9906918912026
0.883310780764056,1.13556767508904,1.02543758453068
1.08478553783368,0.91612080383186,1.00977796792643
0.998111078199876,0.99879670588591,1.01483974551632
0.992031955207214,1.01497562458255,0.99535613824754
0.945965270078661,1.05954679525677,1.0024312168462
0.934203131013694,1.06289923237353,1.00626416216453
1.02474961521144,0.96714889114671,0.995132712073647
0.963739776605775,1.02846289109748,1.00526440230676
1.01437175900088,0.978652751875109,1.0024151964069
0.907223593266218,1.09957048688926,0.997461407538123
1.02785613121158,0.984244588467989,1.00549842165949
0.977208533079181,1.03350295655491,0.982162175715627
1.0621910684144,0.942296389085701,0.99922801914244
0.949069302133075,1.0509511319789,0.98936884109635
0.984487738970955,1.02165283327013,0.996852523330133
1.00611463369793,0.980922909097441,1.00465591966019
0.95561426382404,1.04958808402908,1.00626101941936
1.02502115126312,0.969552667529367,0.980977702157807
1.06265610175993,0.936990377179527,0.991294204939497
0.994342221924104,0.983761563797348,0.999705751620858
0.980919258137344,1.01967087292738,0.983472591904924
1.0153819863206,0.970127394764365,1.01251400920304
1.01451289253998,1.00800877229345,1.00130824993554
1.01397045508388,0.977561443369712,1.01038948548513
0.944090157265472,1.0575795730999,0.991491719118075
1.0321403596214,0.955191050348432,1.00723600750333
1.0256364135953,0.969424515136118,1.00740315165819
0.943207025660932,1.04475054691272,1.01406748692791
0.956821064710734,1.04404498988726,1.0132368107406
0.93742131226387,1.07122948067772,1.00189524639156
0.951118705102507,1.04885407445143,0.99530890318721
1.0211056006383,0.987245257800433,1.01805664972701
0.958334939665479,1.04343274304481,1.01126423498183
0.916251149614572,1.07438580129859,0.999983029907787
1.01091678736345,0.967120270869287,0.994170821600458
1.04930790237085,0.940258531417845,1.01627185866527
0.988558627841329,1.01069119815701,1.00038939479437
1.0132979834672,0.960461996431874,0.996969453530704
0.93172878531807,1.04851904351889,0.994163501961067
0.971021874324783,1.03005229695441,0.990925628320825
1.0423408439522,0.960198665008341,1.00920680975948
1.08711471146466,0.92077824132141,1.00295364310911
1.04511275029217,0.936129233764789,0.997129383181419
1.01127398067996,0.999594888125444,0.983866147228368
1.02752263728187,0.945567965977873,0.989606197789337
0.953067879796196,1.06934555242437,1.00796342199328
1.06049525546833,0.950286668204463,0.986143441884291
0.991480413298283,1.00420735798941,1.00326830767594
0.943679927940757,1.08454009746876,1.0196581789096
0.993623261853199,1.00824802279672,1.00259433601109
0.958972877823321,1.01036041338314,0.996465077122697
0.947245152501636,1.04849016026062,0.994070764909503
1.07107483728668,0.94398980781598,1.01158671015732
0.976380594997705,1.02397923958762,0.996645700284409
1.00570665921575,1.0007573167125,0.986204854273782
1.0467345779839,0.973046026018454,1.00542424586038
1.01741521591086,0.973110144434,0.991270622274055
1.0055582783369,0.96998307154302,0.999333991107338
0.987512579671384,1.00196422289859,0.999046842519342
1.00497500852925,0.98364193456855,1.00194854626109
0.938940292328744,1.04658158302214,1.01564925900084
1.01243141762897,0.98909633493057,1.00646488588974
0.916642175883849,1.08533535518655,1.00905752084473
1.05039109244585,0.966912937212202,1.00003622030404
0.93969785941612,1.05161155016337,1.00710788668559
1.03039644013603,0.962791892195835,0.999397000185179
0.994286471399942,0.995157439613223,0.983803557202547
0.999625977817023,0.977246243298348,0.993642899061902
1.09753340348856,0.918912005497226,1.01416861164669
1.00840721705485,0.997236143540937,1.00022781921969
1.00879215419708,0.984385668882317,1.00171750542377
1.03869011077928,0.960684243326959,0.996917159591106
0.98588215060988,1.00944315630774,0.980660320273282
0.996915065650334,1.0007512132264,1.00081737130533
0.953519368021816,1.04343915041899,1.00007059228484
0.921513459373208,1.08754821579623,0.985985767976478
1.02820545724781,0.977290998453084,1.00950387754599
0.988446265172515,1.01323652660263,0.999361345161308
0.954552896717135,1.0681228983871,0.997253021856612
1.04094485517486,0.932047803778434,1.00120347121352
1.0343022574638,0.976898367124038,0.993018421914744
0.987410229690818,0.992173680942272,0.989204345903434
0.921142510969573,1.08776594917639,1.00592570804772
1.01966132655531,0.970023809997673,1.00573296941188
1.05300554265903,0.949311380943308,1.01991509895695
1.04131505277176,0.954372338650659,1.0124882170112
0.95633032808989,1.02548802654282,0.993436602968549
0.997869849624234,0.998248840483591,0.984519466407595
0.954698410498588,1.04310658321277,0.998820922788058
0.928879383390749,1.08085976046268,1.00694730092167
1.00630647045814,1.0182340946887,0.990756757899113
1.01186000759513,1.01780225748707,1.00283395228209
0.972799153778706,1.03890418872865,1.00151563120655
0.965053860228763,1.014461570119,0.992163120993391
1.00510633711018,1.01074886386458,1.00607309731166
0.933248719709724,1.09177426189844,0.975678967828909
0.986011961912396,0.987779894596022,1.01535193954527
0.962246686847105,1.01424365048058,1.00943698309259
0.994696257305739,1.00479258781179,0.997763218958147
1.06150292186762,0.960969199463407,0.993172054642965
0.979510357018582,1.01210424049198,0.992813510060331
1.03210654482418,0.978259756295426,1.00070713941783
1.05605591208608,0.94971123322234,0.992772849294731
1.01335165447332,0.981919733134531,0.994654658440075
1.05290841744301,0.926851736847783,0.995354034028686
0.953895118116359,1.04932872859898,1.00243584419881
1.00936174288028,0.994540626526881,0.999282769125895
0.99902986074954,1.00791247923955,0.985586142241702
1.02763349662331,0.970373577811367,0.998966788968165
1.03923411114941,0.950935100623749,0.980078137136671
1.0361759540911,0.97242433964503,1.00511191209237
0.975992185681039,0.994052296729624,0.992755480213056
1.02074951022139,0.975390436260399,0.99298442329834
0.974255574725866,1.03410225217987,1.00553405852608
0.949753687599587,1.04892383178621,0.987742794273432
1.13428112093127,0.872290720299391,1.00829907334081
0.99378093676566,1.01499429561753,1.00306921186596
1.0926412135402,0.931215450945875,1.01078198347692
0.918461825630716,1.05198015082234,1.00904513806316
1.12674233316956,0.88229577449731,0.997913539319753
0.958639440915974,1.01045290363196,0.997636248763744
0.993052670924971,0.997213905398125,1.00374067014726
1.11147629555385,0.887668196259269,0.999985231295384
0.97265450857397,1.05116749231814,1.00313152436071
1.00656682412962,0.983708738757139,1.00122128244032
0.8942572218024,1.11097992762778,0.986743936691068
0.980199945054181,1.02166532496882,1.00172292016797
1.04815147949397,0.929021969824841,0.991781851550754
1.08072576466866,0.935870578395263,0.987091689451456
0.926280737120962,1.0612701147852,0.992385084010935
0.939735836403358,1.06084606422765,0.98539715947241
0.998456037333164,0.993378297154956,0.996279455290654
0.964361226214135,1.01017053324915,1.00184908669346
1.02656393074625,0.958746384695634,0.974032961358988
1.02374394698002,0.954937225029293,0.994440828907798
0.960780663153639,1.04015780846805,0.998096758864776
0.976074092687096,1.03247242974348,0.996910030856412
0.90615141334799,1.10410657011586,0.980904640152044
0.994939353043803,1.00513528250022,0.992204625901487
0.99929111749877,1.00196440152538,0.992530335403082
1.05175140418997,0.927902799968542,0.985299814505285
1.05975463245135,0.961167352527473,0.98409470199944
0.94097140352044,1.06810544041619,0.998061173037399
0.90557040803431,1.10818365250621,0.992080149349001
1.08993736262895,0.94637635046803,0.99583888989724
0.923004261242888,1.06180434783637,1.0032872132086
1.06215006519293,0.951773845956244,1.01230292240178
0.956136148127586,1.04173950122493,0.99838784904322
0.980339627950889,1.01359618337537,1.00556708853324
0.900039633077178,1.09668406599898,1.01366497572499
1.0064679816534,0.988879260841442,0.997597654831292
0.99990826705786,1.00524558043649,1.01057871534599
1.02061298087383,0.979377113886785,1.00779668035179
0.987331123547255,1.00330731419983,0.994645487563574
0.940269287451796,1.07070404093225,1.00537263272179
1.10573325229484,0.913413238979027,0.987257280295761
0.958023685875933,1.06124825303251,0.994971918075124
1.04982978008318,0.975245984508883,0.996683911973026
0.968058104975928,1.02504721416494,1.00676916864112
0.900061996713196,1.11432570279263,0.98702970761115
0.912892894661405,1.09448239878454,1.01314018566758
1.03671735079248,0.953371378584791,0.98916233350073
1.09113597474327,0.922829651132087,1.00812705003111
0.956148601585758,1.066963607738,0.982762637102726
0.970223709664571,1.01367845485192,1.01242738261539
1.00113810945511,0.988498043867236,0.981510756710988
1.00475180823819,1.01598041836765,0.989306343039494
0.979645710605737,1.03404129380399,0.991733281496928
0.907665531216362,1.10227154021103,0.983432962608115
1.0337016876331,0.957242127838744,1.00022538234842
1.01835414789562,0.984091662467864,0.989524704431958
0.945254553328905,1.06053629228791,0.974615977689779
0.953514301053784,1.04398920608369,1.00405344455259
0.959243520303233,1.04996111990858,1.0158943638608
0.995569777671506,0.984473805888935,1.00940175593723
0.97943991393226,0.99815785477385,1.01150127919809
1.0477851708295,0.944506842097387,0.998901239081507
1.09916807859739,0.899806102568857,1.00367179038359
1.0205271295366,0.967250148208411,1.01145072865182
0.960565778908883,1.04506848882928,0.984221501948999
1.06158595208763,0.975011952733727,1.00000649850825
0.989804703877419,1.00460192683002,0.997231598098724
0.971091576999236,1.01777155485656,0.995022686819351
0.92759767603706,1.06773673303855,0.989453092074411
1.06825405955246,0.942226613904898,1.00987420268802
1.02208863838261,0.979663626145809,1.00597293235132
0.964500276146933,1.02542290020098,0.995591475919716
0.90242029144078,1.09976511142648,1.0027449862501
0.970663661185675,1.01137614946836,1.00624824796631
1.01592918495192,1.01806687130565,1.00378095823098
1.07586273365526,0.923184826856322,0.988197682905712
0.919796317324244,1.06801122115184,0.987610406715296
0.970940340777829,1.02009884330088,1.00000416543472
0.91742367161834,1.09718748950544,1.00579342423314
1.02451287426838,0.955732441582606,0.986282914420814
0.99194966684511,0.988568293173277,0.998672987179213
0.91778489818454,1.10193219545597,0.994163238184212
1.00193169757122,1.00966801937693,0.98480764617462
1.02469288522704,0.992850703926109,1.00409767967549
1.02943854131623,0.96573039993485,1.0170017586267
1.01729996903541,0.958913055613673,0.993662228057645
0.937985840473749,1.069522954352,0.990819376379314
0.95980450253595,1.0568211214454,0.993652877307576
1.11033394802384,0.896521459287886,1.00928675996106
0.932008047477572,1.08385914071897,0.990771422413522
0.988338161711741,1.00112737560559,0.997388443498616
1.00487184206012,0.972608336731817,1.00188492438049
1.01813613126212,0.995743839151159,1.00883418723261
1.06180191256965,0.938591470040777,0.995841000968519
0.914530566351139,1.07828462219016,1.00838298559201
0.930234792393647,1.06011777762371,1.00273510178916
1.01735442040892,0.996768572131445,1.00825910438053
0.997929574364001,0.992474541543362,0.983035542623086
1.03385065599547,0.941714827089117,1.00473686696671
1.09286653260799,0.912461341291792,0.994216391353846
1.0948659143469,0.914763158969908,0.996729160829274
0.934114480053262,1.04737875570569,1.00143724725393
0.956804526395515,1.05529784972153,0.973721856432301
0.961869060726398,1.03663105961094,0.994392587776844
1.13749804434349,0.882115186166175,0.988550818703133
1.04871470904999,0.96491621638924,1.01134914417808
1.03083940925743,0.970091440536424,0.988995386014899
0.910407100808014,1.07079151893507,1.00109226615443
1.02878607748378,0.986710179516315,0.978164984572236
1.03655287518115,0.962239209134616,0.987790737280117
0.999591752762733,0.976234095201164,0.998924574526966
0.928311416101679,1.05893510335089,0.999478406000675
1.03485064862359,0.983416586462898,1.00125292822092
1.00089659468491,1.00093980503805,0.997426300521075
0.950409740275437,1.03469889044303,0.998688686670481
0.994402291078641,0.985321724033701,1.01170611956011
0.89477783305031,1.09499279089978,1.0008876071708
0.979442326111857,1.02936421728643,1.00381289828482
0.94203543569794,1.05506353351733,0.989043112085292
1.1489010686766,0.823265789770851,1.00166699856148
1.02473251311269,0.973824209238675,1.00358617153192
0.916734663035359,1.07836724346421,0.993058173756827
1.09475037755604,0.90677829233134,1.00250762925069
0.968828475553928,1.01767217835461,0.984820119729834
0.989914388813659,1.0047731394422,0.971823863921094
0.925129550173182,1.08805328654767,0.99139765149123
0.957210043106844,1.03503713334742,1.01463303289045
0.908743080824222,1.06082594321343,1.01991956437347
1.04928946374896,0.93796178947524,1.00140048725755
1.0288601402364,0.959759610615091,0.994263059007184
1.02675254054555,0.991030344967466,0.991773653888609
0.982874387699412,1.01089930063383,0.991997284744263
0.907988348102025,1.06775517816166,1.00539220757064
0.951469818582935,1.03994646812201,1.0022851385506
0.981451415350685,1.04152919927554,0.99131491869337
1.04267465266932,0.969802011153651,1.00307947285544
1.03119081765774,0.981813578586397,1.00553726946977
0.99599824805039,0.996291219078793,1.01788698414686
0.956758662600176,1.04217281682608,1.01067124463062
1.00426858706582,0.997302090612438,0.993739661000214
1.00349624034104,0.986034004265498,0.998034745991708
0.951229370247932,1.02610112937116,0.999621790501921
0.958343067299519,1.0158500034334,0.991368399515648
1.00320618240531,1.00373474106391,0.986663316613765
0.956688202684501,1.02963563250219,0.999383983810707
0.983039134939943,1.02291016328115,1.00714025477582
0.977294475446123,1.01395135637673,0.986682847037309
1.07719906327763,0.946077952095873,0.994538351681753
0.930271295360118,1.06100369897188,1.00501766372527
1.00105932028176,1.00039678118543,1.00061093590158
0.993616987691802,1.01613177092684,1.01446619325834
0.946557754266312,1.05111635327386,0.998350507249572
1.07339728286256,0.935882155612724,0.997926590696467
1.03435172823764,0.950567418061598,0.98749724027139
1.03478708486645,0.985323833562242,1.01155847752092
0.970612965071246,1.01060602286059,1.01237023309584
1.08367654928588,0.907986627183327,0.989010719440314
0.975727555022013,1.02063608243793,0.998384060663031
1.04093560527663,0.982428732500111,0.980389430048362
0.99843534779825,1.00432348891824,0.997276449369477
0.936533735518523,1.07378558817096,1.01165602441873
0.926621868205863,1.06055132980255,0.981342683954412
1.04257171721199,0.972056839827134,0.997333103403395
0.91209407500671,1.08007358076019,0.996868928986872
0.958845788512618,1.03111863498739,0.992906213388885
1.01377334511298,0.975731051475676,1.00513270429388
1.16772217503477,0.851569597529511,0.997495528858455
0.958598973400194,1.05318245494766,0.998368563445638
0.954613684137374,1.03887899989161,0.989384222544722
1.01826528808003,0.953830969470225,0.987832321740893
0.961841625503522,1.02050502890879,0.999840030072057
0.996148179605022,1.03274040646267,0.999072772990732
0.960554911195942,1.04549202024421,1.02051765954909
1.01599766057439,1.00741245684941,1.00712536674448
1.0750037116804,0.928509533083604,0.996585141427537
0.935413152995265,1.06594767164005,1.00703779517482
0.938195165290586,1.06091162183232,1.00555956346849
0.989117799752934,0.994268473856942,0.994277421634343
0.973626670008109,1.00562877998702,1.01066488213451
0.98417024586788,1.02030190044947,0.991130153694954
0.944573514205309,1.06931205411504,1.00142923218713
0.930325587473245,1.03265284537854,0.990434106807838
0.980528200691668,1.01630068650073,0.992969031810347
0.954325989502004,1.04060775700868,1.00090021973912
0.958323667741554,1.03119730033977,0.991468235858995
0.983100657829376,1.02160986106982,0.988808142653299
1.01129672781789,0.98633752597634,1.00550641257389
0.919763105903422,1.09669840139365,0.985540795613905
1.03235596534798,0.960030675631936,1.01255456202111
0.945162232750343,1.05853386942687,1.00712320924667
0.941893483588432,1.05870446566528,0.989909114725055
0.990361790574343,1.00193175967356,0.988398213934311
1.05989058644447,0.944847439642979,0.986727998695173
1.09158528546805,0.911559979933155,1.00093633909728
1.04192728340992,0.965483759690026,0.994194243820659
1.03872086346347,0.958197957264078,1.00704852827345
1.00898239165666,0.993862960358514,0.994780632458907
1.02544206272794,0.971766667899666,0.995457248785019
1.0011354945534,1.00918729551367,1.00447987119301
0.861702103456995,1.12960262410639,1.01128459287602
0.950596904954509,1.05992462996694,0.994622103103894
1.0209988137766,0.95990015810323,0.987002952936811
0.986028790646051,0.99427532746424,1.00490807994615
0.976469848795329,1.01969867429236,0.985498795649422
0.95260174384145,1.07237988142663,1.00767483702983
0.950552771188335,1.04107683183361,1.01652638549973
1.10259099811975,0.890195950870796,1.01537275433486
1.00549396645761,0.985306981448721,0.994110166068964
1.05516836859374,0.938835151971251,1.00169739928238
1.05371795978998,0.938677045672368,1.01321115940045
0.993989289552906,0.985930516953747,1.00435796301803
1.03204348811085,0.966721109066914,1.01132950192633
0.991296878778474,1.00651281230703,0.999020304160673
0.997715776485613,0.987069020554873,0.990372191474199
1.08273244330865,0.926780969830481,1.01078452884551
0.955821417397974,1.02053685581912,1.0069732724428
1.05670844441039,0.945549247667429,1.00772847157123
0.984371563934062,1.01670645471083,0.994178341267105
1.02478450873438,0.985272703076823,0.994365998834346
0.92124813459566,1.06457672655522,1.00146272314803
0.934044494259665,1.05864918195881,0.987973065486519
1.04851072702036,0.964010594487004,0.999258423795004
1.0084223769865,0.99814351087707,0.97041442768761
0.957751813143332,1.03831679901142,1.01628266087762
1.05366389906625,0.937925384795112,0.998058971926783
1.04944970723803,0.950605915534212,0.997008121151068
1.07917588772468,0.907857336299263,0.997214718438783
1.03234107548724,0.989954291908305,1.01123778741366
1.0763370217181,0.917828694363518,1.01055649004502
1.01968732439938,0.966559116325695,0.991056876515032
0.944577151701997,1.03979444677714,0.997762350357159
1.02122550908346,0.955763813856826,0.994753941367765
0.888155088830803,1.09357615017123,1.01742431660476
0.90518467757261,1.06325212913749,1.00261401427001
0.921040537788967,1.06347501523389,0.997256214010308
0.954121909656911,1.03796881199564,1.00260463783783
1.01131686585558,0.983102190801435,1.0070880383638
0.903736216672071,1.08924108770732,1.01332442707954
1.05758053119547,0.952547547272012,0.982848598205384
0.976976320362548,1.03765236876975,1.00904911287639
0.955308829348882,1.0516540688498,0.997970915891714
0.928649146294693,1.04263355084399,1.00017858287881
1.06056853698595,0.932103129329539,0.99261599883834
1.01573309326677,1.00051173968902,1.000152133209
1.02627587076116,0.960577357200629,1.00552883966755
1.05186192905191,0.964226745072432,0.997097472079292
1.15640085151227,0.851723600323728,0.995476053613036
0.924219430664121,1.06773430980583,0.991820638558199
0.971178776479428,1.04201159810161,0.991204641171832
1.00600943627908,0.994673956571795,0.996513180101206
0.939273693920973,1.0561290536173,1.00309582861212
1.03345176374202,0.970911968730684,0.989519642450828
0.99279467036259,0.96650501115662,0.990080124636565
0.984318813693602,1.01825525502742,0.990388039001463
1.10487254113219,0.87896846105483,1.01228105296369
0.971901988192671,1.04683820694127,0.998669648615557
0.955015788080341,1.04438392429613,0.988345965692799
1.04901630476924,0.930915948804626,1.00724236138225
1.01868110585767,1.00517072519162,0.993631631838544
0.999797029257927,0.999189679915267,0.999383442302493
0.922764128087724,1.0787915039031,0.981726648849191
1.01353139447837,0.967538911250549,0.989443213087051
0.99851398341179,0.972266093004368,0.998804099355552
0.970814756825598,1.03862079202113,0.98476168009594
1.10969632021815,0.88563315492977,0.992711905189869
0.969189197314208,1.04847224166438,0.992639595678688
1.09587435381698,0.927001753300853,0.982230066083022
0.953815522522432,1.05027942506784,1.00345399069369
0.955932544302746,1.02969232162452,0.990003989601713
1.01713199562807,0.997010398970778,0.993472044737068
1.0986946750972,0.89821580853766,1.00904835256729
1.00175616267349,1.00986007094641,0.991220729065971
1.05353416364587,0.938450649440208,0.995635666614354
0.981551407793658,1.01300054628286,1.00543670153947
1.01125589754376,0.990600723491201,1.01984088878722
0.931310036883883,1.08375038628052,0.986693919597198
1.11904522318056,0.892401964029106,0.985738285761412
0.976811392260271,1.02545302327363,0.993310414155697
0.992935364944877,0.998509297140194,0.993435048069317
1.03960135373198,0.982467282910788,0.993177226937542
1.03876795089771,0.934783038853073,0.986411927376412
1.02981061246756,0.966376649347485,0.990791957604516
1.04514372620404,0.945756220434937,0.977495578217899
1.0382542383736,0.958057049013647,0.97244563226043
0.970091294259919,1.02976999831411,1.01772171957236
0.919895962852996,1.0793437736806,1.01142795140374
0.954462811556713,1.0433041570084,0.995004960313057
0.996763551718175,0.995631439395446,0.987515411381906
1.0988772316632,0.910166409212552,0.995430050075311
0.90637457028149,1.11025065292736,0.994894301590882
0.994707063766136,1.00766363080075,1.00896719162266
1.03522273901214,0.948164132020875,0.9857420792021
0.935133394793972,1.05755506518943,1.00976930107449
0.98187535530374,0.994035116299408,1.00045505243933
0.966553438846773,1.04436190292374,1.00450884182389
1.0060728344146,0.997021908450585,0.98718198064547
0.995186654577801,0.989614099021725,0.985766755251646
1.06067301138038,0.921402166665084,1.01182266207301
1.02199084061396,0.990708704432043,1.00778309313378
0.993375180267596,1.01548386302833,0.98689227831758
0.901264461595677,1.08038299980375,0.998078542060036
0.949594362347765,1.0320161767556,1.00332527267612
1.03403378220439,0.99425675581014,1.00381904642748
1.06351684987498,0.952636787028716,1.00652262041391
1.01951003565242,0.98344925462094,0.991867680398382
0.931645484752616,1.07759786362083,0.992221580947106
0.968972173317426,1.04334221368587,1.00248617547821
1.05396755539561,0.960911658097724,1.01561330629184
1.04373279849284,0.971193847235213,0.994924592192804
1.0331773430805,0.973344015438485,1.01278302383459
0.973911691419123,1.02518440720344,0.999394923722803
1.04155268834927,0.979810550240825,0.976964207207938
0.941602754856126,1.05794390579058,1.00418022316036
0.963743201926658,1.01890893161331,1.00595233039828
1.01057560816326,0.993622132063008,0.975529681131604
1.05194582821891,0.929747102676658,0.996545782310079
0.961138608125253,1.04089961800699,1.00181530728535
1.00959937117008,0.991177509773698,1.00733450108124
1.00952036175479,0.985759826661578,1.00531685775921
1.0018054355513,1.00107481467136,0.999415806186212
1.00395917972993,1.01958717146189,1.00518183137034
1.02310281530291,1.00085876303987,1.0018721823569
1.00662463696267,1.00413488692752,0.999175220998482
1.02189300017503,0.990133838285827,1.00377611606834
1.04674880424045,0.957478138891044,0.978403832262464
0.963510465835846,1.04741762796775,0.996151350543927
0.969572682565915,1.02963730179329,1.01114444623671
0.980363474872765,1.02125385878297,1.01453767453373
1.08134544651411,0.926063140603298,0.990949040227617
1.00903758333726,0.998776366944085,0.974600356480579
1.00981984415316,0.986001842362869,1.01498445498883
0.919826418276883,1.07128108267192,0.996528883123408
1.10084493078808,0.899262362199565,0.992742818959623
0.960174173479705,1.03559336262114,1.00746653341733
1.0117607443696,0.981241450251172,1.00018053969252
1.00721005145834,1.01083900414243,1.00871809405927
0.888933797818348,1.14796380222239,0.996626565115231
0.947661194453563,1.05135691031823,0.993819028212297
0.965229754689375,1.04135716193252,1.01247656303062
1.05301153889217,0.950701680990369,0.983603666660465
0.912031471151137,1.08929953126615,1.00178243634412
1.03574222509747,0.943468142243348,1.02649859947744
0.947620158054984,1.0683115339997,1.00890533624858
